DEVICE
DEVICE_MASS 0.000
DEVICE_BAR_CODE 000000000000
DEVICE_SCALE 1.000000 1.000000 1.000000
DEVICE_NULL
#
PART
PART_NAME adeptCtrl00
RENDER_MODE 1
MATERIAL_AMBIENT 0.662745 0.635294 0.486275 1.000000
MATERIAL_DIFFUSE 0.662745 0.525490 0.419608 1.000000
MATERIAL_SPECULAR 0.513726 0.513726 0.486275 1.000000
MATERIAL_EMISSION 0.000000 0.000000 0.000000 1.000000
MATERIAL_WIREFRAME 0.596078 0.607843 0.607843 1.000000
MATERIAL_SHININESS 50.000000
PART_DATA
VERTEX 0.000000 0.000000 0.000000
VERTEX 603.250000 0.000000 0.000000
VERTEX 603.250000 800.099976 0.000000
VERTEX 0.000000 800.099976 0.000000
VERTEX 0.000000 0.000000 1212.849976
VERTEX 0.000000 800.099976 1212.849976
VERTEX 603.250000 800.099976 1212.849976
VERTEX 603.250000 0.000000 1212.849976
VERTEX 107.949997 800.099976 225.425003
VERTEX 419.099976 800.099976 225.425003
VERTEX 419.099976 952.500000 225.425003
VERTEX 107.949997 952.500000 225.425003
VERTEX 107.949997 800.099976 1003.299988
VERTEX 107.949997 952.500000 1003.299988
VERTEX 419.099976 952.500000 1003.299988
VERTEX 419.099976 800.099976 1003.299988
POLYGON 4
0
3
2
1
POLYGON 4
4
7
6
5
POLYGON 4
3
0
4
5
POLYGON 4
2
3
5
6
POLYGON 4
1
2
6
7
POLYGON 4
0
1
7
4
POLYGON 4
8
11
10
9
POLYGON 4
12
15
14
13
POLYGON 4
11
8
12
13
POLYGON 4
10
11
13
14
POLYGON 4
9
10
14
15
POLYGON 4
8
9
15
12
PART_DATA_NULL
PART_NULL
#
PART
PART_NAME adeptCtrl01
PART_PARENT adeptCtrl00
PART_TRANSLATE 501.649992 698.499990 1212.849982
PART_ROTATE 0.000000 0.000000 -180.000000
PART_TXYZ 0
RENDER_MODE 1
MATERIAL_AMBIENT 0.184314 0.184314 0.184314 1.000000
MATERIAL_DIFFUSE 0.384314 0.384314 0.384314 1.000000
MATERIAL_SPECULAR 0.286275 0.286275 0.486275 1.000000
MATERIAL_EMISSION 0.098039 0.098039 0.098039 1.000000
MATERIAL_WIREFRAME 0.686275 0.686275 0.686275 1.000000
MATERIAL_SHININESS 50.000000
PART_DATA
VERTEX 33.337502 0.000000 0.000000
VERTEX 33.337502 0.000000 12.699951
VERTEX 16.668747 -28.871094 0.000000
VERTEX 16.668747 -28.871094 12.699951
VERTEX -16.668747 -28.871094 0.000000
VERTEX -16.668747 -28.871094 12.699951
VERTEX -33.337502 0.000000 0.000000
VERTEX -33.337502 0.000000 12.699951
VERTEX -16.668755 28.871094 0.000000
VERTEX -16.668755 28.871094 12.699951
VERTEX 16.668755 28.871094 0.000000
VERTEX 16.668755 28.871094 12.699951
VERTEX 33.337502 0.000000 85.724976
VERTEX 33.337502 0.000000 123.824951
VERTEX 16.668747 -28.871094 85.724976
VERTEX 16.668747 -28.871094 123.824951
VERTEX -16.668747 -28.871094 85.724976
VERTEX -16.668747 -28.871094 123.824951
VERTEX -33.337502 0.000000 85.724976
VERTEX -33.337502 0.000000 123.824951
VERTEX -16.668755 28.871094 85.724976
VERTEX -16.668755 28.871094 123.824951
VERTEX 16.668755 28.871094 85.724976
VERTEX 16.668755 28.871094 123.824951
VERTEX 33.337502 0.000000 174.625000
VERTEX 33.337502 0.000000 187.324951
VERTEX 16.668747 -28.871094 174.625000
VERTEX 16.668747 -28.871094 187.324951
VERTEX -16.668747 -28.871094 174.625000
VERTEX -16.668747 -28.871094 187.324951
VERTEX -33.337502 0.000000 174.625000
VERTEX -33.337502 0.000000 187.324951
VERTEX -16.668755 28.871094 174.625000
VERTEX -16.668755 28.871094 187.324951
VERTEX 16.668755 28.871094 174.625000
VERTEX 16.668755 28.871094 187.324951
POLYGON 4
2
0
1
3
POLYGON 4
4
2
3
5
POLYGON 4
6
4
5
7
POLYGON 4
8
6
7
9
POLYGON 4
10
8
9
11
POLYGON 4
0
10
11
1
POLYGON 6
1
11
9
7
5
3
POLYGON 4
14
12
13
15
POLYGON 4
16
14
15
17
POLYGON 4
18
16
17
19
POLYGON 4
20
18
19
21
POLYGON 4
22
20
21
23
POLYGON 4
12
22
23
13
POLYGON 6
12
14
16
18
20
22
POLYGON 4
26
24
25
27
POLYGON 4
28
26
27
29
POLYGON 4
30
28
29
31
POLYGON 4
32
30
31
33
POLYGON 4
34
32
33
35
POLYGON 4
24
34
35
25
POLYGON 6
25
35
33
31
29
27
PART_DATA_NULL
PART_NULL
#
PART
PART_NAME adeptCtrl02
PART_PARENT adeptCtrl01
PART_TRANSLATE 0.000000 0.000000 0.000000
PART_ROTATE 0.000000 0.000000 0.000000
PART_TXYZ 0
RENDER_MODE 1
MATERIAL_AMBIENT 0.490196 0.490196 0.588235 1.000000
MATERIAL_DIFFUSE 0.584314 0.584314 0.584314 1.000000
MATERIAL_SPECULAR 0.486275 0.486275 0.486275 1.000000
MATERIAL_EMISSION 0.098039 0.098039 0.098039 1.000000
MATERIAL_WIREFRAME 0.686275 0.686275 0.686275 1.000000
MATERIAL_SHININESS 25.000000
PART_DATA
VERTEX 12.699997 0.000000 12.699951
VERTEX 12.699997 0.000000 85.724976
VERTEX 6.349998 -10.998535 12.699951
VERTEX 6.349998 -10.998535 85.724976
VERTEX -6.349998 -10.998535 12.699951
VERTEX -6.349998 -10.998535 85.724976
VERTEX -12.699997 0.000000 12.699951
VERTEX -12.699997 0.000000 85.724976
VERTEX -6.349998 10.998535 12.699951
VERTEX -6.349998 10.998535 85.724976
VERTEX 6.349998 10.998535 12.699951
VERTEX 6.349998 10.998535 85.724976
POLYGON 4
2
0
1
3
POLYGON 4
4
2
3
5
POLYGON 4
6
4
5
7
POLYGON 4
8
6
7
9
POLYGON 4
10
8
9
11
POLYGON 4
0
10
11
1
PART_DATA_NULL
PART_NULL
#
PART
PART_NAME adeptCtrl03
PART_PARENT adeptCtrl02
PART_TRANSLATE 0.000000 0.000000 0.000000
PART_ROTATE 0.000000 0.000000 0.000000
PART_TXYZ 0
RENDER_MODE 1
MATERIAL_AMBIENT 0.686275 0.270588 0.254902 1.000000
MATERIAL_DIFFUSE 0.584314 0.231373 0.243137 1.000000
MATERIAL_SPECULAR 0.486275 0.486275 0.486275 1.000000
MATERIAL_EMISSION 0.231373 0.000000 0.000000 1.000000
MATERIAL_WIREFRAME 0.686275 0.243137 0.243137 1.000000
MATERIAL_SHININESS 25.000000
PART_DATA
VERTEX 33.337502 0.000000 123.825073
VERTEX 33.337502 0.000000 174.625122
VERTEX 16.668747 -28.871094 123.825073
VERTEX 16.668747 -28.871094 174.625122
VERTEX -16.668747 -28.871094 123.825073
VERTEX -16.668747 -28.871094 174.625122
VERTEX -33.337502 0.000000 123.825073
VERTEX -33.337502 0.000000 174.625122
VERTEX -16.668755 28.871094 123.825073
VERTEX -16.668755 28.871094 174.625122
VERTEX 16.668755 28.871094 123.825073
VERTEX 16.668755 28.871094 174.625122
POLYGON 4
2
0
1
3
POLYGON 4
4
2
3
5
POLYGON 4
6
4
5
7
POLYGON 4
8
6
7
9
POLYGON 4
10
8
9
11
POLYGON 4
0
10
11
1
PART_DATA_NULL
PART_NULL
#
NULL
