DEVICE
DEVICE_MASS 0.000
DEVICE_BAR_CODE 000000000000
DEVICE_SCALE 1.000000 1.000000 1.000000
DEVICE_NULL
#
PART
PART_NAME bhToolChanger00
RENDER_MODE 1
MATERIAL_AMBIENT 0.184314 0.184314 0.184314 1.000000
MATERIAL_DIFFUSE 0.384314 0.384314 0.384314 1.000000
MATERIAL_SPECULAR 0.286275 0.286275 0.486275 1.000000
MATERIAL_EMISSION 0.098039 0.098039 0.098039 1.000000
MATERIAL_WIREFRAME 0.686275 0.686275 0.686275 1.000000
MATERIAL_SHININESS 50.000000
PART_DATA
VERTEX 25.434084 14.684375 20.637501
VERTEX 25.434084 14.684375 0.000000
VERTEX 14.684374 25.434084 20.637501
VERTEX 14.684374 25.434084 0.000000
VERTEX 0.000000 29.368750 20.637501
VERTEX 0.000000 29.368750 0.000000
VERTEX -14.684377 25.434082 20.637501
VERTEX -14.684377 25.434082 0.000000
VERTEX -25.434082 14.684376 20.637501
VERTEX -25.434082 14.684376 0.000000
VERTEX -29.368750 0.000000 20.637501
VERTEX -29.368750 0.000000 0.000000
VERTEX -25.434084 -14.684375 20.637501
VERTEX -25.434084 -14.684375 0.000000
VERTEX -14.684372 -25.434086 20.637501
VERTEX -14.684372 -25.434086 0.000000
VERTEX 0.000000 -29.368750 20.637501
VERTEX 0.000000 -29.368750 0.000000
VERTEX 14.684373 -25.434084 20.637501
VERTEX 14.684373 -25.434084 0.000000
VERTEX 25.434080 -14.684380 20.637501
VERTEX 25.434080 -14.684380 0.000000
VERTEX 29.368750 0.000000 20.637501
VERTEX 29.368750 0.000000 0.000000
POLYGON 4
23
1
0
22
POLYGON 4
1
3
2
0
POLYGON 4
3
5
4
2
POLYGON 4
5
7
6
4
POLYGON 4
7
9
8
6
POLYGON 4
9
11
10
8
POLYGON 4
11
13
12
10
POLYGON 4
13
15
14
12
POLYGON 4
15
17
16
14
POLYGON 4
17
19
18
16
POLYGON 4
19
21
20
18
POLYGON 4
21
23
22
20
POLYGON 12
23
21
19
17
15
13
11
9
7
5
3
1
PART_DATA_NULL
PART_NULL
#
PART
PART_NAME bhToolChanger01
PART_PARENT bhToolChanger00
PART_TRANSLATE 0.000000 0.000000 0.000000
PART_ROTATE 0.000000 0.000000 0.000000
PART_TXYZ 0
RENDER_MODE 1
MATERIAL_AMBIENT 0.490196 0.490196 0.588235 1.000000
MATERIAL_DIFFUSE 0.584314 0.584314 0.584314 1.000000
MATERIAL_SPECULAR 0.486275 0.486275 0.486275 1.000000
MATERIAL_EMISSION 0.098039 0.098039 0.098039 1.000000
MATERIAL_WIREFRAME 0.686275 0.686275 0.686275 1.000000
MATERIAL_SHININESS 25.000000
PART_DATA
VERTEX 44.450001 0.000000 57.150002
VERTEX 44.450001 0.000000 65.087502
VERTEX 38.494827 -22.225008 57.150002
VERTEX 38.494827 -22.225008 65.087502
VERTEX 22.224997 -38.494831 57.150002
VERTEX 22.224997 -38.494831 65.087502
VERTEX 0.000000 -44.450001 57.150002
VERTEX 0.000000 -44.450001 65.087502
VERTEX -22.224997 -38.494831 57.150002
VERTEX -22.224997 -38.494831 65.087502
VERTEX -38.494831 -22.225000 57.150002
VERTEX -38.494831 -22.225000 65.087502
VERTEX -44.450001 0.000000 57.150002
VERTEX -44.450001 0.000000 65.087502
VERTEX -38.494827 22.225002 57.150002
VERTEX -38.494827 22.225002 65.087502
VERTEX -22.225002 38.494827 57.150002
VERTEX -22.225002 38.494827 65.087502
VERTEX 0.000000 44.450001 57.150002
VERTEX 0.000000 44.450001 65.087502
VERTEX 22.224998 38.494831 57.150002
VERTEX 22.224998 38.494831 65.087502
VERTEX 38.494831 22.225000 57.150002
VERTEX 38.494831 22.225000 65.087502
VERTEX 19.843750 0.000000 26.987499
VERTEX 19.843750 0.000000 57.150002
VERTEX 17.185190 -9.921879 26.987499
VERTEX 17.185190 -9.921879 57.150002
VERTEX 9.921873 -17.185192 26.987499
VERTEX 9.921873 -17.185192 57.150002
VERTEX 0.000000 -19.843750 26.987499
VERTEX 0.000000 -19.843750 57.150002
VERTEX -9.921873 -17.185192 26.987499
VERTEX -9.921873 -17.185192 57.150002
VERTEX -17.185192 -9.921875 26.987499
VERTEX -17.185192 -9.921875 57.150002
VERTEX -19.843750 0.000000 26.987499
VERTEX -19.843750 0.000000 57.150002
VERTEX -17.185190 9.921876 26.987499
VERTEX -17.185190 9.921876 57.150002
VERTEX -9.921876 17.185190 26.987499
VERTEX -9.921876 17.185190 57.150002
VERTEX 0.000000 19.843750 26.987499
VERTEX 0.000000 19.843750 57.150002
VERTEX 9.921874 17.185192 26.987499
VERTEX 9.921874 17.185192 57.150002
VERTEX 17.185192 9.921875 26.987499
VERTEX 17.185192 9.921875 57.150002
VERTEX 29.368750 0.000000 20.637501
VERTEX 29.368750 0.000000 26.987501
VERTEX 25.434080 -14.684380 20.637501
VERTEX 25.434080 -14.684380 26.987501
VERTEX 14.684373 -25.434084 20.637501
VERTEX 14.684373 -25.434084 26.987501
VERTEX 0.000000 -29.368750 20.637501
VERTEX 0.000000 -29.368750 26.987501
VERTEX -14.684372 -25.434086 20.637501
VERTEX -14.684372 -25.434086 26.987501
VERTEX -25.434084 -14.684375 20.637501
VERTEX -25.434084 -14.684375 26.987501
VERTEX -29.368750 0.000000 20.637501
VERTEX -29.368750 0.000000 26.987501
VERTEX -25.434082 14.684376 20.637501
VERTEX -25.434082 14.684376 26.987501
VERTEX -14.684377 25.434082 20.637501
VERTEX -14.684377 25.434082 26.987501
VERTEX 0.000000 29.368750 20.637501
VERTEX 0.000000 29.368750 26.987501
VERTEX 14.684374 25.434084 20.637501
VERTEX 14.684374 25.434084 26.987501
VERTEX 25.434084 14.684375 20.637501
VERTEX 25.434084 14.684375 26.987501
POLYGON 4
0
22
23
1
POLYGON 4
22
20
21
23
POLYGON 4
20
18
19
21
POLYGON 4
18
16
17
19
POLYGON 4
16
14
15
17
POLYGON 4
14
12
13
15
POLYGON 4
12
10
11
13
POLYGON 4
10
8
9
11
POLYGON 4
8
6
7
9
POLYGON 4
6
4
5
7
POLYGON 4
4
2
3
5
POLYGON 4
2
0
1
3
POLYGON 12
0
2
4
6
8
10
12
14
16
18
20
22
POLYGON 12
1
23
21
19
17
15
13
11
9
7
5
3
POLYGON 4
24
46
47
25
POLYGON 4
46
44
45
47
POLYGON 4
44
42
43
45
POLYGON 4
42
40
41
43
POLYGON 4
40
38
39
41
POLYGON 4
38
36
37
39
POLYGON 4
36
34
35
37
POLYGON 4
34
32
33
35
POLYGON 4
32
30
31
33
POLYGON 4
30
28
29
31
POLYGON 4
28
26
27
29
POLYGON 4
26
24
25
27
POLYGON 4
48
70
71
49
POLYGON 4
70
68
69
71
POLYGON 4
68
66
67
69
POLYGON 4
66
64
65
67
POLYGON 4
64
62
63
65
POLYGON 4
62
60
61
63
POLYGON 4
60
58
59
61
POLYGON 4
58
56
57
59
POLYGON 4
56
54
55
57
POLYGON 4
54
52
53
55
POLYGON 4
52
50
51
53
POLYGON 4
50
48
49
51
POLYGON 12
49
71
69
67
65
63
61
59
57
55
53
51
PART_DATA_NULL
PART_NULL
#
NULL
