DEVICE
DEVICE_MASS 0.000
DEVICE_BAR_CODE 000000000000
DEVICE_SCALE 1.000000 1.000000 1.000000
DEVICE_NULL
#
PART
PART_NAME table6X8
RENDER_MODE 1
MATERIAL_AMBIENT 0.403922 0.309804 0.254902 1.000000
MATERIAL_DIFFUSE 0.282353 0.243137 0.176471 1.000000
MATERIAL_SPECULAR 0.419608 0.419608 0.243137 1.000000
MATERIAL_EMISSION 0.000000 0.000000 0.000000 1.000000
MATERIAL_WIREFRAME 0.525490 0.376471 0.364706 1.000000
MATERIAL_SHININESS 9.000000
PART_DATA
VERTEX 76.199997 2324.100098 0.000000
VERTEX 127.000000 2324.100098 0.000000
VERTEX 127.000000 2374.900146 0.000000
VERTEX 76.199997 2374.900146 0.000000
VERTEX 76.199997 2324.100098 609.599976
VERTEX 76.199997 2374.900146 609.599976
VERTEX 127.000000 2374.900146 609.599976
VERTEX 127.000000 2324.100098 609.599976
VERTEX 1663.699951 2324.100098 0.000000
VERTEX 1714.500000 2324.100098 0.000000
VERTEX 1714.500000 2374.900146 0.000000
VERTEX 1663.699951 2374.900146 0.000000
VERTEX 1663.699951 2324.100098 609.599976
VERTEX 1663.699951 2374.900146 609.599976
VERTEX 1714.500000 2374.900146 609.599976
VERTEX 1714.500000 2324.100098 609.599976
VERTEX 1663.699951 76.199997 0.000000
VERTEX 1714.500000 76.199997 0.000000
VERTEX 1714.500000 127.000000 0.000000
VERTEX 1663.699951 127.000000 0.000000
VERTEX 1663.699951 76.199997 609.599976
VERTEX 1663.699951 127.000000 609.599976
VERTEX 1714.500000 127.000000 609.599976
VERTEX 1714.500000 76.199997 609.599976
VERTEX 76.199997 76.199997 0.000000
VERTEX 127.000000 76.199997 0.000000
VERTEX 127.000000 127.000000 0.000000
VERTEX 76.199997 127.000000 0.000000
VERTEX 76.199997 76.199997 609.599976
VERTEX 76.199997 127.000000 609.599976
VERTEX 127.000000 127.000000 609.599976
VERTEX 127.000000 76.199997 609.599976
VERTEX 0.000000 0.000000 609.599976
VERTEX 1790.699951 0.000000 609.599976
VERTEX 1790.699951 2451.100098 609.599976
VERTEX 0.000000 2451.100098 609.599976
VERTEX 0.000000 0.000000 711.199951
VERTEX 0.000000 2451.100098 711.199951
VERTEX 1790.699951 2451.100098 711.199951
VERTEX 1790.699951 0.000000 711.199951
POLYGON 4
0
3
2
1
POLYGON 4
4
7
6
5
POLYGON 4
3
0
4
5
POLYGON 4
2
3
5
6
POLYGON 4
1
2
6
7
POLYGON 4
0
1
7
4
POLYGON 4
8
11
10
9
POLYGON 4
12
15
14
13
POLYGON 4
11
8
12
13
POLYGON 4
10
11
13
14
POLYGON 4
9
10
14
15
POLYGON 4
8
9
15
12
POLYGON 4
16
19
18
17
POLYGON 4
20
23
22
21
POLYGON 4
19
16
20
21
POLYGON 4
18
19
21
22
POLYGON 4
17
18
22
23
POLYGON 4
16
17
23
20
POLYGON 4
24
27
26
25
POLYGON 4
28
31
30
29
POLYGON 4
27
24
28
29
POLYGON 4
26
27
29
30
POLYGON 4
25
26
30
31
POLYGON 4
24
25
31
28
POLYGON 4
32
35
34
33
POLYGON 4
36
39
38
37
POLYGON 4
35
32
36
37
POLYGON 4
34
35
37
38
POLYGON 4
33
34
38
39
POLYGON 4
32
33
39
36
PART_DATA_NULL
PART_NULL
#
NULL
