VERTEX 457.200012 169.353668 498.475037
VERTEX 450.850006 163.003662 498.475037
VERTEX 457.200012 169.353668 488.950043
VERTEX 450.850006 163.003662 488.950043
VERTEX 457.200012 164.705139 498.475037
VERTEX 434.975006 158.749969 498.475037
VERTEX 457.200012 164.705139 488.950043
VERTEX 434.975006 158.749969 488.950043
VERTEX 457.200012 152.794800 498.475037
VERTEX 419.100006 163.003662 498.475037
VERTEX 457.200012 152.794800 488.950043
VERTEX 419.100006 163.003662 488.950043
VERTEX 452.976929 129.126755 498.475037
VERTEX 407.478699 174.624969 498.475037
VERTEX 407.478699 174.624969 488.950043
VERTEX 452.976929 129.126755 488.950043
VERTEX 421.941254 120.649971 498.475037
VERTEX 403.225006 190.499969 498.475037
VERTEX 403.225006 190.499969 488.950043
VERTEX 421.941254 120.649971 488.950043
VERTEX 393.700012 154.952179 498.475037
VERTEX 407.478699 206.374969 498.475037
VERTEX 407.478699 206.374969 488.950043
VERTEX 393.700012 154.952179 488.950043
VERTEX 393.700012 192.596268 498.475037
VERTEX 419.100006 217.996277 498.475037
VERTEX 419.100006 217.996277 488.950043
VERTEX 393.700012 192.596268 488.950043
VERTEX 393.700012 211.190369 498.475037
VERTEX 434.975006 222.249969 498.475037
VERTEX 434.975006 222.249969 488.950043
VERTEX 393.700012 211.190369 488.950043
VERTEX 450.850006 217.996277 498.475037
VERTEX 393.700012 233.309570 498.475037
VERTEX 450.850006 217.996277 488.950043
VERTEX 393.700012 233.309570 488.950043
VERTEX 408.496307 260.349976 498.475037
VERTEX 457.200012 211.646271 498.475037
VERTEX 457.200012 211.646271 488.950043
VERTEX 408.496307 260.349976 488.950043
VERTEX 406.399902 120.649971 498.475037
VERTEX 406.399872 120.649971 488.950043
VERTEX 393.700012 133.349854 498.475037
VERTEX 393.700012 133.349854 488.950043
VERTEX 457.200012 133.349854 488.950043
VERTEX 444.500122 120.649971 488.950043
VERTEX 444.500122 120.649971 498.475037
VERTEX 457.200012 133.349854 498.475037
VERTEX 457.200012 247.650085 488.950043
VERTEX 457.200012 247.650085 498.475037
VERTEX 444.500122 260.349976 498.475037
VERTEX 444.500122 260.349976 488.950043
VERTEX 393.700012 247.650085 488.950043
VERTEX 406.399872 260.349976 488.950043
VERTEX 406.399872 260.349976 498.475037
VERTEX 393.700012 247.650085 498.475037
VERTEX 393.700012 95.250092 498.475037
VERTEX 406.399872 107.949974 498.475037
VERTEX 406.399872 107.949974 488.950043
VERTEX 393.700012 95.250092 488.950043
VERTEX 444.500122 107.949974 488.950043
VERTEX 444.500122 107.949974 498.475037
VERTEX 457.200012 95.250092 498.475037
VERTEX 457.200012 95.250092 488.950043
VERTEX 457.200012 -19.050144 498.475037
VERTEX 444.500122 -31.750023 498.475037
VERTEX 444.500122 -31.750023 488.950043
VERTEX 457.200012 -19.050144 488.950043
VERTEX 393.700012 -19.050137 488.950043
VERTEX 393.700012 -19.050140 498.475037
VERTEX 406.399872 -31.750023 488.950043
VERTEX 406.399902 -31.750023 498.475037
VERTEX 408.496307 107.949974 488.950043
VERTEX 457.200012 59.246284 488.950043
VERTEX 457.200012 59.246284 498.475037
VERTEX 408.496307 107.949974 498.475037
VERTEX 393.700012 80.909576 488.950043
VERTEX 450.850006 65.596283 488.950043
VERTEX 393.700012 80.909576 498.475037
VERTEX 450.850006 65.596283 498.475037
VERTEX 393.700012 58.790375 488.950043
VERTEX 434.975006 69.849976 488.950043
VERTEX 434.975006 69.849976 498.475037
VERTEX 393.700012 58.790371 498.475037
VERTEX 393.700012 40.196281 488.950043
VERTEX 419.100006 65.596283 488.950043
VERTEX 419.100006 65.596283 498.475037
VERTEX 393.700012 40.196278 498.475037
VERTEX 393.700012 2.552189 488.950043
VERTEX 407.478699 53.974976 488.950043
VERTEX 407.478699 53.974976 498.475037
VERTEX 393.700012 2.552189 498.475037
VERTEX 421.941254 -31.750023 488.950043
VERTEX 403.225006 38.099976 488.950043
VERTEX 403.225006 38.099976 498.475037
VERTEX 421.941254 -31.750023 498.475037
VERTEX 452.976929 -23.273235 488.950043
VERTEX 407.478699 22.224976 488.950043
VERTEX 407.478699 22.224976 498.475037
VERTEX 452.976929 -23.273235 498.475037
VERTEX 419.100006 10.603668 488.950043
VERTEX 457.200012 0.394810 488.950043
VERTEX 419.100006 10.603666 498.475037
VERTEX 457.200012 0.394810 498.475037
VERTEX 434.975006 6.349976 488.950043
VERTEX 457.200012 12.305147 488.950043
VERTEX 434.975006 6.349976 498.475037
VERTEX 457.200012 12.305147 498.475037
VERTEX 450.850006 10.603670 488.950043
VERTEX 457.200012 16.953667 488.950043
VERTEX 450.850006 10.603670 498.475037
VERTEX 457.200012 16.953667 498.475037
VERTEX 457.200012 -135.446320 498.475037
VERTEX 450.850006 -141.796326 498.475037
VERTEX 457.200012 -135.446320 488.950043
VERTEX 450.850006 -141.796326 488.950043
VERTEX 457.200012 -140.094849 498.475037
VERTEX 434.975006 -146.050018 498.475037
VERTEX 457.200012 -140.094849 488.950043
VERTEX 434.975006 -146.050018 488.950043
VERTEX 457.200012 -152.005188 498.475037
VERTEX 419.100006 -141.796326 498.475037
VERTEX 457.200012 -152.005188 488.950043
VERTEX 419.100006 -141.796326 488.950043
VERTEX 452.976929 -175.673233 498.475037
VERTEX 407.478699 -130.175018 498.475037
VERTEX 407.478699 -130.175018 488.950043
VERTEX 452.976929 -175.673233 488.950043
VERTEX 421.941254 -184.150024 498.475037
VERTEX 403.225006 -114.300018 498.475037
VERTEX 403.225006 -114.300018 488.950043
VERTEX 421.941254 -184.150024 488.950043
VERTEX 393.700012 -149.847809 498.475037
VERTEX 407.478699 -98.425018 498.475037
VERTEX 407.478699 -98.425018 488.950043
VERTEX 393.700012 -149.847809 488.950043
VERTEX 393.700012 -112.203712 498.475037
VERTEX 419.100006 -86.803711 498.475037
VERTEX 419.100006 -86.803711 488.950043
VERTEX 393.700012 -112.203712 488.950043
VERTEX 393.700012 -93.609619 498.475037
VERTEX 434.975006 -82.550018 498.475037
VERTEX 434.975006 -82.550018 488.950043
VERTEX 393.700012 -93.609619 488.950043
VERTEX 450.850006 -86.803711 498.475037
VERTEX 393.700012 -71.490417 498.475037
VERTEX 450.850006 -86.803711 488.950043
VERTEX 393.700012 -71.490417 488.950043
VERTEX 408.496307 -44.450020 498.475037
VERTEX 457.200012 -93.153709 498.475037
VERTEX 457.200012 -93.153709 488.950043
VERTEX 408.496307 -44.450020 488.950043
VERTEX 406.399902 -184.150024 498.475037
VERTEX 406.399872 -184.150024 488.950043
VERTEX 393.700012 -171.450134 498.475037
VERTEX 393.700012 -171.450134 488.950043
VERTEX 457.200012 -171.450134 488.950043
VERTEX 444.500122 -184.150024 488.950043
VERTEX 444.500122 -184.150024 498.475037
VERTEX 457.200012 -171.450134 498.475037
VERTEX 457.200012 -57.149899 488.950043
VERTEX 457.200012 -57.149899 498.475037
VERTEX 444.500122 -44.450020 498.475037
VERTEX 444.500122 -44.450020 488.950043
VERTEX 393.700012 -57.149899 488.950043
VERTEX 406.399872 -44.450020 488.950043
VERTEX 406.399872 -44.450020 498.475037
VERTEX 393.700012 -57.149899 498.475037
VERTEX 393.700012 -209.549896 498.475037
VERTEX 406.399872 -196.850006 498.475037
VERTEX 406.399872 -196.850006 488.950043
VERTEX 393.700012 -209.549896 488.950043
VERTEX 444.500122 -196.850006 488.950043
VERTEX 444.500122 -196.850006 498.475037
VERTEX 457.200012 -209.549896 498.475037
VERTEX 457.200012 -209.549896 488.950043
VERTEX 457.200012 -323.850128 498.475037
VERTEX 444.500122 -336.550018 498.475037
VERTEX 444.500122 -336.550018 488.950043
VERTEX 457.200012 -323.850128 488.950043
VERTEX 393.700012 -323.850128 488.950043
VERTEX 393.700012 -323.850128 498.475037
VERTEX 406.399872 -336.550018 488.950043
VERTEX 406.399902 -336.550018 498.475037
VERTEX 408.496307 -196.850006 488.950043
VERTEX 457.200012 -245.553711 488.950043
VERTEX 457.200012 -245.553711 498.475037
VERTEX 408.496307 -196.850006 498.475037
VERTEX 393.700012 -223.890411 488.950043
VERTEX 450.850006 -239.203705 488.950043
VERTEX 393.700012 -223.890411 498.475037
VERTEX 450.850006 -239.203705 498.475037
VERTEX 393.700012 -246.009613 488.950043
VERTEX 434.975006 -234.950012 488.950043
VERTEX 434.975006 -234.950012 498.475037
VERTEX 393.700012 -246.009613 498.475037
VERTEX 393.700012 -264.603699 488.950043
VERTEX 419.100006 -239.203705 488.950043
VERTEX 419.100006 -239.203705 498.475037
VERTEX 393.700012 -264.603699 498.475037
VERTEX 393.700012 -302.247803 488.950043
VERTEX 407.478699 -250.825012 488.950043
VERTEX 407.478699 -250.825012 498.475037
VERTEX 393.700012 -302.247803 498.475037
VERTEX 421.941254 -336.550018 488.950043
VERTEX 403.225006 -266.700012 488.950043
VERTEX 403.225006 -266.700012 498.475037
VERTEX 421.941254 -336.550018 498.475037
VERTEX 452.976929 -328.073212 488.950043
VERTEX 407.478699 -282.575012 488.950043
VERTEX 407.478699 -282.575012 498.475037
VERTEX 452.976929 -328.073212 498.475037
VERTEX 419.100006 -294.196320 488.950043
VERTEX 457.200012 -304.405182 488.950043
VERTEX 419.100006 -294.196320 498.475037
VERTEX 457.200012 -304.405182 498.475037
VERTEX 434.975006 -298.450012 488.950043
VERTEX 457.200012 -292.494843 488.950043
VERTEX 434.975006 -298.450012 498.475037
VERTEX 457.200012 -292.494843 498.475037
VERTEX 450.850006 -294.196320 488.950043
VERTEX 457.200012 -287.846313 488.950043
VERTEX 450.850006 -294.196320 498.475037
VERTEX 457.200012 -287.846313 498.475037
VERTEX -304.799988 -203.199997 -12.700000
VERTEX 304.799988 -203.199997 -12.700000
VERTEX 304.799988 203.199997 -12.700000
VERTEX -304.799988 203.199997 -12.700000
VERTEX -304.799988 -203.199997 0.000000
VERTEX -304.799988 203.199997 0.000000
VERTEX 304.799988 203.199997 0.000000
VERTEX 304.799988 -203.199997 0.000000
VERTEX 425.809570 156.294098 476.250031
VERTEX 457.200012 164.705139 488.950043
VERTEX 421.196320 133.349976 476.250031
VERTEX 434.975006 147.128662 476.250031
VERTEX 418.538330 133.349976 476.250031
VERTEX 387.911713 133.349976 476.250031
VERTEX 339.725006 138.621277 476.250031
VERTEX 339.725006 196.727814 476.250031
VERTEX 339.725006 247.772110 476.250031
VERTEX 402.146301 266.699982 476.250031
VERTEX 457.200012 152.794800 488.950043
VERTEX 448.753693 133.349976 488.950043
VERTEX 418.538330 133.349976 488.950043
VERTEX 387.911713 133.349976 488.950043
VERTEX 339.725006 138.621277 488.950043
VERTEX 339.725006 196.727814 488.950043
VERTEX 339.725006 247.772110 488.950043
VERTEX 402.146301 266.699982 488.950043
VERTEX 457.200012 133.349976 488.950043
VERTEX 457.200012 103.696281 488.950043
VERTEX 428.747162 133.349976 488.950043
VERTEX 339.725006 133.349976 488.950043
VERTEX 377.702820 133.349976 488.950043
VERTEX 339.725006 266.699982 488.950043
VERTEX 339.725006 266.699982 476.250031
VERTEX 339.725006 133.349976 476.250031
VERTEX 339.725006 95.372124 476.250031
VERTEX 457.200012 133.349991 476.250031
VERTEX 383.096344 133.349976 476.250031
VERTEX 453.928650 -303.528625 476.250031
VERTEX 457.200012 -332.296326 476.250031
VERTEX 423.642700 -342.899963 476.250031
VERTEX 341.971863 -342.899963 476.250031
VERTEX 382.807312 -342.899963 476.250031
VERTEX 351.696442 -306.607269 476.250031
VERTEX 365.940491 -253.447769 476.250031
VERTEX 375.189362 -218.930511 476.250031
VERTEX 435.597778 -235.116913 476.250031
VERTEX 453.928650 -303.528625 488.950043
VERTEX 457.200012 -332.296326 488.950043
VERTEX 423.642700 -342.899963 488.950043
VERTEX 382.807312 -342.899963 488.950043
VERTEX 341.971863 -342.899963 488.950043
VERTEX 351.696442 -306.607269 488.950043
VERTEX 365.940491 -253.447769 488.950043
VERTEX 375.189362 -218.930511 488.950043
VERTEX 435.597778 -235.116913 488.950043
VERTEX 457.200012 -179.896347 476.250031
VERTEX 457.200012 -179.896362 488.950043
VERTEX 451.389343 -294.051788 488.950043
VERTEX 451.389343 -294.051788 476.250031
VERTEX 457.200012 -240.905197 476.250031
VERTEX 457.200012 -315.737488 488.950043
VERTEX 451.305908 -293.740417 488.950043
VERTEX 457.200012 -240.905197 488.950043
VERTEX 457.200012 -315.737488 476.250031
VERTEX 451.305908 -293.740417 476.250031
VERTEX 457.200012 75.805153 488.950043
VERTEX 339.725006 89.978683 488.950043
VERTEX 339.725006 24.321295 488.950043
VERTEX 339.725006 31.872120 488.950043
VERTEX 374.027222 -9.980937 488.950043
VERTEX 402.146301 -38.100006 488.950043
VERTEX 457.200012 0.394809 476.250031
VERTEX 457.200012 -27.496338 476.250031
VERTEX 428.747162 -57.150021 476.250031
VERTEX 386.894104 -22.847805 476.250031
VERTEX 339.725006 44.327793 476.250031
VERTEX 358.774994 5.271302 476.250031
VERTEX -457.200012 156.507507 488.950043
VERTEX 97.346321 266.699982 488.950043
VERTEX 339.725006 24.321283 476.250031
VERTEX 339.725006 -57.150021 476.250031
VERTEX -457.200012 -57.150021 476.250031
VERTEX 444.140442 72.305847 488.950043
VERTEX 457.200012 12.305137 476.250031
VERTEX 340.180908 -57.150021 476.250031
VERTEX 457.200012 -57.150021 476.250031
VERTEX 421.196320 -57.150021 476.250031
VERTEX 457.200012 -152.005188 476.250031
VERTEX 457.200012 -140.094864 476.250031
VERTEX 457.200012 -140.094864 488.950043
VERTEX 457.200012 -152.005188 488.950043
VERTEX -457.200012 -321.607513 476.250031
VERTEX 163.003784 -342.899963 476.250031
VERTEX 163.003754 -342.899963 488.950043
VERTEX -457.200012 -321.607544 488.950043
VERTEX 457.200012 169.353668 476.250031
VERTEX 457.200012 169.353668 488.950043
VERTEX 457.200012 211.646271 476.250031
VERTEX 457.200012 211.646271 488.950043
VERTEX 450.850006 163.003662 488.950043
VERTEX 450.850006 163.003662 476.250031
VERTEX 434.975006 158.749969 488.950043
VERTEX 434.975006 158.749969 476.250031
VERTEX 419.100006 163.003662 488.950043
VERTEX 419.100006 163.003662 476.250031
VERTEX 407.478699 174.624969 488.950043
VERTEX 407.478699 174.624969 476.250031
VERTEX 403.225006 190.499969 488.950043
VERTEX 403.225006 190.499969 476.250031
VERTEX 407.478699 206.374969 488.950043
VERTEX 407.478699 206.374969 476.250031
VERTEX 419.100006 217.996277 488.950043
VERTEX 419.100006 217.996277 476.250031
VERTEX 434.975006 222.249969 488.950043
VERTEX 434.975006 222.249969 476.250031
VERTEX 450.850006 217.996277 476.250031
VERTEX 450.850006 217.996277 488.950043
VERTEX 457.200012 -287.846313 476.250031
VERTEX 457.200012 -287.846313 488.950043
VERTEX 457.200012 -245.553726 476.250031
VERTEX 457.200012 -245.553726 488.950043
VERTEX 450.850006 -294.196320 476.250031
VERTEX 450.850006 -294.196320 488.950043
VERTEX 434.975006 -298.450012 476.250031
VERTEX 434.975006 -298.450012 488.950043
VERTEX 419.100006 -294.196320 476.250031
VERTEX 419.100006 -294.196320 488.950043
VERTEX 407.478699 -282.575012 476.250031
VERTEX 407.478699 -282.575012 488.950043
VERTEX 403.225006 -266.700012 476.250031
VERTEX 403.225006 -266.700012 488.950043
VERTEX 407.478699 -250.825027 476.250031
VERTEX 407.478699 -250.825027 488.950043
VERTEX 419.100006 -239.203720 476.250031
VERTEX 419.100006 -239.203720 488.950043
VERTEX 450.850006 -239.203720 476.250031
VERTEX 434.975006 -234.950027 476.250031
VERTEX 434.975006 -234.950027 488.950043
VERTEX 450.850006 -239.203720 488.950043
VERTEX 403.225006 -114.300041 476.250031
VERTEX 403.225006 -114.300034 488.950043
VERTEX 457.200012 16.953671 476.250031
VERTEX 457.200012 16.953671 488.950043
VERTEX 457.200012 59.246277 476.250031
VERTEX 457.200012 59.246277 488.950043
VERTEX 450.850006 65.596283 476.250031
VERTEX 450.850006 65.596283 488.950043
VERTEX 434.975006 69.849976 476.250031
VERTEX 434.975006 69.849976 488.950043
VERTEX 419.100006 65.596275 476.250031
VERTEX 407.478699 53.974976 476.250031
VERTEX 407.478699 53.974976 488.950043
VERTEX 419.100006 65.596275 488.950043
VERTEX 403.225006 38.099976 476.250031
VERTEX 403.225006 38.099976 488.950043
VERTEX 407.478699 22.224976 476.250031
VERTEX 407.478699 22.224976 488.950043
VERTEX 419.100006 10.603665 476.250031
VERTEX 419.100006 10.603665 488.950043
VERTEX 434.975006 6.349975 476.250031
VERTEX 450.850006 10.603667 476.250031
VERTEX 450.850006 10.603667 488.950043
VERTEX 434.975006 6.349975 488.950043
VERTEX 434.975037 -146.050034 476.250031
VERTEX 434.975037 -146.050034 488.950043
VERTEX 407.478699 -130.175034 476.250031
VERTEX 419.099976 -141.796326 476.250031
VERTEX 419.099976 -141.796326 488.950043
VERTEX 407.478699 -130.175034 488.950043
VERTEX 407.478699 -98.425056 476.250031
VERTEX 407.478699 -98.425041 488.950043
VERTEX 419.100067 -86.803696 476.250031
VERTEX 419.100067 -86.803680 488.950043
VERTEX 434.975006 -82.550018 476.250031
VERTEX 434.974976 -82.550011 488.950043
VERTEX 450.849945 -141.796356 476.250031
VERTEX 457.200012 -135.446289 476.250031
VERTEX 457.200012 -135.446289 488.950043
VERTEX 450.849945 -141.796356 488.950043
VERTEX 457.200012 -93.153717 476.250031
VERTEX 450.850006 -86.803711 476.250031
VERTEX 450.850006 -86.803711 488.950043
VERTEX 457.200012 -93.153717 488.950043
VERTEX 457.200012 266.699982 488.950043
VERTEX -457.200012 266.699982 488.950043
VERTEX -457.200012 266.699982 476.250031
VERTEX 457.200012 266.699982 476.250031
VERTEX -457.200012 -342.899963 488.950043
VERTEX 457.200012 -342.899963 488.950043
VERTEX 457.200012 -342.899963 476.250031
VERTEX -457.200012 -342.899963 476.250031
VERTEX 304.799988 -127.000000 476.250000
VERTEX 304.799988 -63.500000 476.250000
VERTEX 241.299988 -63.500000 476.250000
VERTEX 241.299988 -127.000000 476.250000
VERTEX 241.299988 -63.500000 0.000000
VERTEX 304.799988 -63.500000 0.000000
VERTEX 304.799988 -127.000000 0.000000
VERTEX 241.299988 -127.000000 0.000000
VERTEX 304.799988 63.500000 476.250000
VERTEX 304.799988 127.000000 476.250000
VERTEX 241.299988 127.000000 476.250000
VERTEX 241.299988 63.500000 476.250000
VERTEX 241.299988 127.000000 0.000000
VERTEX 304.799988 127.000000 0.000000
VERTEX 304.799988 63.500000 0.000000
VERTEX 241.299988 63.500000 0.000000
VERTEX -241.299988 -127.000000 476.250000
VERTEX -241.299988 -63.500000 476.250000
VERTEX -304.799988 -63.500000 476.250000
VERTEX -304.799988 -127.000000 476.250000
VERTEX -304.799988 -63.500000 0.000000
VERTEX -241.299988 -63.500000 0.000000
VERTEX -241.299988 -127.000000 0.000000
VERTEX -304.799988 -127.000000 0.000000
VERTEX -241.299988 63.500000 476.250000
VERTEX -241.299988 127.000000 476.250000
VERTEX -304.799988 127.000000 476.250000
VERTEX -304.799988 63.500000 476.250000
VERTEX -304.799988 127.000000 0.000000
VERTEX -241.299988 127.000000 0.000000
VERTEX -241.299988 63.500000 0.000000
VERTEX -304.799988 63.500000 0.000000
POLYGON 3
1
4
0
POLYGON 3
3
2
6
POLYGON 3
5
8
4
POLYGON 3
7
6
10
POLYGON 3
21
24
20
POLYGON 3
23
27
22
POLYGON 3
25
28
24
POLYGON 3
27
31
26
POLYGON 3
29
33
28
POLYGON 3
31
35
30
POLYGON 4
5
1
3
7
POLYGON 4
9
5
7
11
POLYGON 4
13
9
11
14
POLYGON 4
17
13
14
18
POLYGON 4
21
17
18
22
POLYGON 4
25
21
22
26
POLYGON 4
29
25
26
30
POLYGON 4
32
29
30
34
POLYGON 4
1
0
2
3
POLYGON 4
37
32
34
38
POLYGON 4
44
2
0
47
POLYGON 4
38
48
49
37
POLYGON 4
9
12
47
8
POLYGON 4
15
11
10
44
POLYGON 4
13
16
46
12
POLYGON 4
15
45
19
14
POLYGON 4
37
49
50
36
POLYGON 4
39
51
48
38
POLYGON 4
40
42
43
41
POLYGON 4
41
45
46
40
POLYGON 4
52
43
42
55
POLYGON 4
47
46
45
44
POLYGON 4
50
49
48
51
POLYGON 4
51
53
54
50
POLYGON 4
55
54
53
52
POLYGON 5
17
20
42
40
16
POLYGON 5
19
41
43
23
18
POLYGON 5
55
33
32
36
54
POLYGON 5
35
52
53
39
34
POLYGON 3
110
107
111
POLYGON 3
108
109
105
POLYGON 3
106
103
107
POLYGON 3
104
105
101
POLYGON 3
90
87
91
POLYGON 3
88
84
89
POLYGON 3
86
83
87
POLYGON 3
84
80
85
POLYGON 3
82
78
83
POLYGON 3
80
76
81
POLYGON 4
106
110
108
104
POLYGON 4
102
106
104
100
POLYGON 4
98
102
100
97
POLYGON 4
94
98
97
93
POLYGON 4
90
94
93
89
POLYGON 4
86
90
89
85
POLYGON 4
82
86
85
81
POLYGON 4
79
82
81
77
POLYGON 4
110
111
109
108
POLYGON 4
74
79
77
73
POLYGON 4
67
109
111
64
POLYGON 4
73
63
62
74
POLYGON 4
102
99
64
103
POLYGON 4
96
100
101
67
POLYGON 4
98
95
65
99
POLYGON 4
96
66
92
97
POLYGON 4
74
62
61
75
POLYGON 4
72
60
63
73
POLYGON 4
71
69
68
70
POLYGON 4
70
66
65
71
POLYGON 4
59
68
69
56
POLYGON 4
64
65
66
67
POLYGON 4
61
62
63
60
POLYGON 4
60
58
57
61
POLYGON 4
56
57
58
59
POLYGON 5
94
91
69
71
95
POLYGON 5
92
70
68
88
93
POLYGON 5
56
78
79
75
57
POLYGON 5
76
59
58
72
77
POLYGON 3
113
116
112
POLYGON 3
115
114
118
POLYGON 3
117
120
116
POLYGON 3
119
118
122
POLYGON 3
133
136
132
POLYGON 3
135
139
134
POLYGON 3
137
140
136
POLYGON 3
139
143
138
POLYGON 3
141
145
140
POLYGON 3
143
147
142
POLYGON 4
117
113
115
119
POLYGON 4
121
117
119
123
POLYGON 4
125
121
123
126
POLYGON 4
129
125
126
130
POLYGON 4
133
129
130
134
POLYGON 4
137
133
134
138
POLYGON 4
141
137
138
142
POLYGON 4
144
141
142
146
POLYGON 4
113
112
114
115
POLYGON 4
149
144
146
150
POLYGON 4
156
114
112
159
POLYGON 4
150
160
161
149
POLYGON 4
121
124
159
120
POLYGON 4
127
123
122
156
POLYGON 4
125
128
158
124
POLYGON 4
127
157
131
126
POLYGON 4
149
161
162
148
POLYGON 4
151
163
160
150
POLYGON 4
152
154
155
153
POLYGON 4
153
157
158
152
POLYGON 4
164
155
154
167
POLYGON 4
159
158
157
156
POLYGON 4
162
161
160
163
POLYGON 4
163
165
166
162
POLYGON 4
167
166
165
164
POLYGON 5
129
132
154
152
128
POLYGON 5
131
153
155
135
130
POLYGON 5
167
145
144
148
166
POLYGON 5
147
164
165
151
146
POLYGON 3
222
219
223
POLYGON 3
220
221
217
POLYGON 3
218
215
219
POLYGON 3
216
217
213
POLYGON 3
202
199
203
POLYGON 3
200
196
201
POLYGON 3
198
195
199
POLYGON 3
196
192
197
POLYGON 3
194
190
195
POLYGON 3
192
188
193
POLYGON 4
218
222
220
216
POLYGON 4
214
218
216
212
POLYGON 4
210
214
212
209
POLYGON 4
206
210
209
205
POLYGON 4
202
206
205
201
POLYGON 4
198
202
201
197
POLYGON 4
194
198
197
193
POLYGON 4
191
194
193
189
POLYGON 4
222
223
221
220
POLYGON 4
186
191
189
185
POLYGON 4
179
221
223
176
POLYGON 4
185
175
174
186
POLYGON 4
214
211
176
215
POLYGON 4
208
212
213
179
POLYGON 4
210
207
177
211
POLYGON 4
208
178
204
209
POLYGON 4
186
174
173
187
POLYGON 4
184
172
175
185
POLYGON 4
183
181
180
182
POLYGON 4
182
178
177
183
POLYGON 4
171
180
181
168
POLYGON 4
176
177
178
179
POLYGON 4
173
174
175
172
POLYGON 4
172
170
169
173
POLYGON 4
168
169
170
171
POLYGON 5
206
203
181
183
207
POLYGON 5
204
182
180
200
205
POLYGON 5
168
190
191
187
169
POLYGON 5
188
171
170
184
189
POLYGON 4
224
227
226
225
POLYGON 4
228
231
230
229
POLYGON 4
227
224
228
229
POLYGON 4
226
227
229
230
POLYGON 4
225
226
230
231
POLYGON 4
224
225
231
228
POLYGON 3
235
232
324
POLYGON 3
242
233
325
POLYGON 3
259
234
319
POLYGON 3
236
237
332
POLYGON 3
238
239
336
POLYGON 3
239
240
338
POLYGON 3
241
410
321
POLYGON 3
244
243
329
POLYGON 3
245
244
331
POLYGON 3
247
246
335
POLYGON 3
248
247
337
POLYGON 3
407
249
322
POLYGON 3
376
289
251
POLYGON 3
378
252
254
POLYGON 3
291
255
302
POLYGON 3
371
299
258
POLYGON 3
367
260
259
POLYGON 3
326
232
328
POLYGON 3
323
233
320
POLYGON 3
393
264
316
POLYGON 3
394
317
274
POLYGON 3
270
281
348
POLYGON 3
282
261
347
POLYGON 3
263
265
353
POLYGON 3
266
267
357
POLYGON 3
267
268
360
POLYGON 3
269
268
363
POLYGON 3
273
272
354
POLYGON 3
276
275
358
POLYGON 3
277
276
361
POLYGON 3
278
364
277
POLYGON 3
390
311
279
POLYGON 3
314
391
280
POLYGON 3
346
281
285
POLYGON 3
345
288
282
POLYGON 3
359
283
343
POLYGON 3
285
284
342
POLYGON 3
362
344
286
POLYGON 3
288
341
287
POLYGON 3
318
398
301
POLYGON 3
368
289
306
POLYGON 3
307
295
383
POLYGON 3
290
292
382
POLYGON 3
293
294
385
POLYGON 3
366
294
406
POLYGON 3
295
296
381
POLYGON 3
298
300
374
POLYGON 3
304
303
310
POLYGON 3
306
372
370
POLYGON 3
384
365
307
POLYGON 3
308
310
404
POLYGON 3
310
309
403
POLYGON 3
399
400
312
POLYGON 3
402
313
401
POLYGON 3
387
312
311
POLYGON 3
388
314
313
POLYGON 4
235
234
236
330
POLYGON 4
237
257
238
334
POLYGON 4
240
256
241
339
POLYGON 4
243
250
242
327
POLYGON 4
246
253
245
333
POLYGON 4
249
255
248
340
POLYGON 4
375
251
250
252
POLYGON 4
290
380
254
253
POLYGON 4
304
305
409
256
POLYGON 4
369
258
257
260
POLYGON 4
368
367
319
320
POLYGON 4
321
410
407
322
POLYGON 4
269
389
279
283
POLYGON 4
261
287
262
349
POLYGON 4
262
413
263
351
POLYGON 4
265
264
266
355
POLYGON 4
278
286
280
392
POLYGON 4
271
284
270
350
POLYGON 4
272
412
271
352
POLYGON 4
275
274
273
356
POLYGON 4
400
401
344
343
POLYGON 4
413
341
342
412
POLYGON 4
292
291
293
386
POLYGON 4
296
309
297
379
POLYGON 4
297
310
298
377
POLYGON 4
300
303
299
373
POLYGON 4
405
302
408
301
POLYGON 4
406
403
365
366
POLYGON 4
315
305
308
397
POLYGON 4
316
414
315
395
POLYGON 4
396
318
411
317
POLYGON 4
375
378
377
374
POLYGON 4
320
319
324
323
POLYGON 4
322
340
339
321
POLYGON 4
325
323
324
326
POLYGON 4
327
325
326
328
POLYGON 4
329
327
328
330
POLYGON 4
331
329
330
332
POLYGON 4
333
331
332
334
POLYGON 4
335
333
334
336
POLYGON 4
337
335
336
338
POLYGON 4
340
337
338
339
POLYGON 4
364
392
389
363
POLYGON 4
342
341
345
346
POLYGON 4
344
362
359
343
POLYGON 4
348
346
345
347
POLYGON 4
350
348
347
349
POLYGON 4
352
350
349
351
POLYGON 4
354
352
351
353
POLYGON 4
356
354
353
355
POLYGON 4
358
356
355
357
POLYGON 4
361
358
357
360
POLYGON 4
362
361
360
359
POLYGON 4
394
364
363
393
POLYGON 4
366
365
384
385
POLYGON 4
368
370
369
367
POLYGON 4
370
372
371
369
POLYGON 4
372
376
373
371
POLYGON 4
376
375
374
373
POLYGON 4
378
380
379
377
POLYGON 4
380
382
381
379
POLYGON 4
382
386
383
381
POLYGON 4
386
385
384
383
POLYGON 4
388
402
399
387
POLYGON 4
391
388
387
390
POLYGON 4
392
391
390
389
POLYGON 4
396
394
393
395
POLYGON 4
398
396
395
397
POLYGON 4
405
398
397
404
POLYGON 4
402
401
400
399
POLYGON 4
406
405
404
403
POLYGON 4
409
414
411
408
POLYGON 4
410
409
408
407
POLYGON 4
414
413
412
411
POLYGON 4
422
421
415
418
POLYGON 4
421
420
416
415
POLYGON 4
420
419
417
416
POLYGON 4
419
422
418
417
POLYGON 4
418
415
416
417
POLYGON 4
422
419
420
421
POLYGON 4
430
429
423
426
POLYGON 4
429
428
424
423
POLYGON 4
428
427
425
424
POLYGON 4
427
430
426
425
POLYGON 4
426
423
424
425
POLYGON 4
430
427
428
429
POLYGON 4
438
437
431
434
POLYGON 4
437
436
432
431
POLYGON 4
436
435
433
432
POLYGON 4
435
438
434
433
POLYGON 4
434
431
432
433
POLYGON 4
438
435
436
437
POLYGON 4
446
445
439
442
POLYGON 4
445
444
440
439
POLYGON 4
444
443
441
440
POLYGON 4
443
446
442
441
POLYGON 4
442
439
440
441
POLYGON 4
446
443
444
445
NULL
