DEVICE
DEVICE_MASS 0.000
DEVICE_BAR_CODE 000000000000
DEVICE_SCALE 1.000000 1.000000 1.000000
DEVICE_NULL
#
PART
PART_NAME lexanShield4X700
RENDER_MODE 1
MATERIAL_AMBIENT 0.470588 0.470588 0.525490 1.000000
MATERIAL_DIFFUSE 0.784314 0.784314 0.784314 1.000000
MATERIAL_SPECULAR 0.486275 0.486275 0.486275 1.000000
MATERIAL_EMISSION 0.058824 0.058824 0.058824 1.000000
MATERIAL_WIREFRAME 0.686275 0.686275 0.686275 1.000000
MATERIAL_SHININESS 10.000000
PART_DATA
VERTEX 0.000000 0.000000 0.000000
VERTEX 38.100000 0.000000 0.000000
VERTEX 38.100000 0.000000 2133.600000
VERTEX 0.000000 0.000000 2133.600000
VERTEX 0.000000 38.100000 0.000000
VERTEX 38.100000 38.100000 0.000000
VERTEX 38.100000 38.100000 2133.600000
VERTEX 0.000000 38.100000 2133.600000
VERTEX 1181.100000 0.000000 0.000000
VERTEX 1219.200000 0.000000 0.000000
VERTEX 1219.200000 0.000000 2133.600000
VERTEX 1181.100000 0.000000 2133.600000
VERTEX 1181.100000 38.100000 0.000000
VERTEX 1219.200000 38.100000 0.000000
VERTEX 1219.200000 38.100000 2133.600000
VERTEX 1181.100000 38.100000 2133.600000
VERTEX 38.100000 0.000000 152.400000
VERTEX 1181.100000 0.000000 152.400000
VERTEX 1181.100000 0.000000 190.500000
VERTEX 38.100000 0.000000 190.500000
VERTEX 38.100000 38.100000 152.400000
VERTEX 1181.100000 38.100000 152.400000
VERTEX 1181.100000 38.100000 190.500000
VERTEX 38.100000 38.100000 190.500000
VERTEX 38.100000 0.000000 2095.500000
VERTEX 1181.100000 0.000000 2095.500000
VERTEX 1181.100000 0.000000 2133.600000
VERTEX 38.100000 0.000000 2133.600000
VERTEX 38.100000 38.100000 2095.500000
VERTEX 1181.100000 38.100000 2095.500000
VERTEX 1181.100000 38.100000 2133.600000
VERTEX 38.100000 38.100000 2133.600000
POLYGON 4
0
1
2
3
POLYGON 4
7
6
5
4
POLYGON 4
0
3
7
4
POLYGON 4
1
5
6
2
POLYGON 4
0
4
5
1
POLYGON 4
3
2
6
7
POLYGON 4
8
9
10
11
POLYGON 4
15
14
13
12
POLYGON 4
8
11
15
12
POLYGON 4
9
13
14
10
POLYGON 4
8
12
13
9
POLYGON 4
11
10
14
15
POLYGON 4
16
17
18
19
POLYGON 4
23
22
21
20
POLYGON 4
16
19
23
20
POLYGON 4
17
21
22
18
POLYGON 4
16
20
21
17
POLYGON 4
19
18
22
23
POLYGON 4
24
25
26
27
POLYGON 4
31
30
29
28
POLYGON 4
24
27
31
28
POLYGON 4
25
29
30
31
POLYGON 4
24
28
29
25
POLYGON 4
27
26
30
31
PART_DATA_NULL
PART_NULL
#
PART
PART_NAME lexanShield4X701
PART_PARENT lexanShield4X700
PART_TRANSLATE 1219.200000 0.000000 0.000000
PART_ROTATE 0.000000 0.000000 0.000000
PART_TXYZ 0
PART_SMOOTH_SHADE_ANGLE 32.000000
RENDER_MODE 1
MATERIAL_AMBIENT 0.470588 0.470588 0.525490 1.000000
MATERIAL_DIFFUSE 0.784314 0.784314 0.784314 1.000000
MATERIAL_SPECULAR 0.486275 0.486275 0.486275 1.000000
MATERIAL_EMISSION 0.058824 0.058824 0.058824 1.000000
MATERIAL_WIREFRAME 0.686275 0.686275 0.686275 1.000000
MATERIAL_SHININESS 10.000000
PART_DATA
VERTEX 0.000000 0.000000 0.000000
VERTEX 38.100000 0.000000 0.000000
VERTEX 38.100000 0.000000 2133.600000
VERTEX 0.000000 0.000000 2133.600000
VERTEX 0.000000 38.100000 0.000000
VERTEX 38.100000 38.100000 0.000000
VERTEX 38.100000 38.100000 2133.600000
VERTEX 0.000000 38.100000 2133.600000
VERTEX 1181.100000 0.000000 0.000000
VERTEX 1219.200000 0.000000 0.000000
VERTEX 1219.200000 0.000000 2133.600000
VERTEX 1181.100000 0.000000 2133.600000
VERTEX 1181.100000 38.100000 0.000000
VERTEX 1219.200000 38.100000 0.000000
VERTEX 1219.200000 38.100000 2133.600000
VERTEX 1181.100000 38.100000 2133.600000
VERTEX 38.100000 0.000000 152.400000
VERTEX 1181.100000 0.000000 152.400000
VERTEX 1181.100000 0.000000 190.500000
VERTEX 38.100000 0.000000 190.500000
VERTEX 38.100000 38.100000 152.400000
VERTEX 1181.100000 38.100000 152.400000
VERTEX 1181.100000 38.100000 190.500000
VERTEX 38.100000 38.100000 190.500000
VERTEX 38.100000 0.000000 2095.500000
VERTEX 1181.100000 0.000000 2095.500000
VERTEX 1181.100000 0.000000 2133.600000
VERTEX 38.100000 0.000000 2133.600000
VERTEX 38.100000 38.100000 2095.500000
VERTEX 1181.100000 38.100000 2095.500000
VERTEX 1181.100000 38.100000 2133.600000
VERTEX 38.100000 38.100000 2133.600000
POLYGON 4
0
1
2
3
POLYGON 4
7
6
5
4
POLYGON 4
0
3
7
4
POLYGON 4
1
5
6
2
POLYGON 4
0
4
5
1
POLYGON 4
3
2
6
7
POLYGON 4
8
9
10
11
POLYGON 4
15
14
13
12
POLYGON 4
8
11
15
12
POLYGON 4
9
13
14
10
POLYGON 4
8
12
13
9
POLYGON 4
11
10
14
15
POLYGON 4
16
17
18
19
POLYGON 4
23
22
21
20
POLYGON 4
16
19
23
20
POLYGON 4
17
21
22
18
POLYGON 4
16
20
21
17
POLYGON 4
19
18
22
23
POLYGON 4
24
25
26
27
POLYGON 4
31
30
29
28
POLYGON 4
24
27
31
28
POLYGON 4
25
29
30
31
POLYGON 4
24
28
29
25
POLYGON 4
27
26
30
31
PART_DATA_NULL
PART_NULL
#
PART
PART_NAME lexanShield4X702
PART_PARENT lexanShield4X701
PART_TRANSLATE 1247.000000 10.000000 0.000000
PART_ROTATE 0.000000 0.000000 45.000000
PART_TXYZ 0
PART_SMOOTH_SHADE_ANGLE 32.000000
RENDER_MODE 1
MATERIAL_AMBIENT 0.470588 0.470588 0.525490 1.000000
MATERIAL_DIFFUSE 0.784314 0.784314 0.784314 1.000000
MATERIAL_SPECULAR 0.486275 0.486275 0.486275 1.000000
MATERIAL_EMISSION 0.058824 0.058824 0.058824 1.000000
MATERIAL_WIREFRAME 0.686275 0.686275 0.686275 1.000000
MATERIAL_SHININESS 10.000000
PART_DATA
VERTEX 0.000000 0.000000 0.000000
VERTEX 38.100000 0.000000 0.000000
VERTEX 38.100000 0.000000 2133.600000
VERTEX 0.000000 0.000000 2133.600000
VERTEX 0.000000 38.100000 0.000000
VERTEX 38.100000 38.100000 0.000000
VERTEX 38.100000 38.100000 2133.600000
VERTEX 0.000000 38.100000 2133.600000
VERTEX 1181.100000 0.000000 0.000000
VERTEX 1219.200000 0.000000 0.000000
VERTEX 1219.200000 0.000000 2133.600000
VERTEX 1181.100000 0.000000 2133.600000
VERTEX 1181.100000 38.100000 0.000000
VERTEX 1219.200000 38.100000 0.000000
VERTEX 1219.200000 38.100000 2133.600000
VERTEX 1181.100000 38.100000 2133.600000
VERTEX 38.100000 0.000000 152.400000
VERTEX 1181.100000 0.000000 152.400000
VERTEX 1181.100000 0.000000 190.500000
VERTEX 38.100000 0.000000 190.500000
VERTEX 38.100000 38.100000 152.400000
VERTEX 1181.100000 38.100000 152.400000
VERTEX 1181.100000 38.100000 190.500000
VERTEX 38.100000 38.100000 190.500000
VERTEX 38.100000 0.000000 2095.500000
VERTEX 1181.100000 0.000000 2095.500000
VERTEX 1181.100000 0.000000 2133.600000
VERTEX 38.100000 0.000000 2133.600000
VERTEX 38.100000 38.100000 2095.500000
VERTEX 1181.100000 38.100000 2095.500000
VERTEX 1181.100000 38.100000 2133.600000
VERTEX 38.100000 38.100000 2133.600000
POLYGON 4
0
1
2
3
POLYGON 4
7
6
5
4
POLYGON 4
0
3
7
4
POLYGON 4
1
5
6
2
POLYGON 4
0
4
5
1
POLYGON 4
3
2
6
7
POLYGON 4
8
9
10
11
POLYGON 4
15
14
13
12
POLYGON 4
8
11
15
12
POLYGON 4
9
13
14
10
POLYGON 4
8
12
13
9
POLYGON 4
11
10
14
15
POLYGON 4
16
17
18
19
POLYGON 4
23
22
21
20
POLYGON 4
16
19
23
20
POLYGON 4
17
21
22
18
POLYGON 4
16
20
21
17
POLYGON 4
19
18
22
23
POLYGON 4
24
25
26
27
POLYGON 4
31
30
29
28
POLYGON 4
24
27
31
28
POLYGON 4
25
29
30
31
POLYGON 4
24
28
29
25
POLYGON 4
27
26
30
31
PART_DATA_NULL
PART_NULL
#
PART
PART_NAME lexanShield4X703
PART_PARENT lexanShield4X702
PART_TRANSLATE 1247.000000 10.000000 0.000000
PART_ROTATE 0.000000 0.000000 45.000000
PART_TXYZ 0
PART_SMOOTH_SHADE_ANGLE 32.000000
RENDER_MODE 1
MATERIAL_AMBIENT 0.470588 0.470588 0.525490 1.000000
MATERIAL_DIFFUSE 0.784314 0.784314 0.784314 1.000000
MATERIAL_SPECULAR 0.486275 0.486275 0.486275 1.000000
MATERIAL_EMISSION 0.058824 0.058824 0.058824 1.000000
MATERIAL_WIREFRAME 0.686275 0.686275 0.686275 1.000000
MATERIAL_SHININESS 10.000000
PART_DATA
VERTEX 0.000000 0.000000 0.000000
VERTEX 38.100000 0.000000 0.000000
VERTEX 38.100000 0.000000 2133.600000
VERTEX 0.000000 0.000000 2133.600000
VERTEX 0.000000 38.100000 0.000000
VERTEX 38.100000 38.100000 0.000000
VERTEX 38.100000 38.100000 2133.600000
VERTEX 0.000000 38.100000 2133.600000
VERTEX 1181.100000 0.000000 0.000000
VERTEX 1219.200000 0.000000 0.000000
VERTEX 1219.200000 0.000000 2133.600000
VERTEX 1181.100000 0.000000 2133.600000
VERTEX 1181.100000 38.100000 0.000000
VERTEX 1219.200000 38.100000 0.000000
VERTEX 1219.200000 38.100000 2133.600000
VERTEX 1181.100000 38.100000 2133.600000
VERTEX 38.100000 0.000000 152.400000
VERTEX 1181.100000 0.000000 152.400000
VERTEX 1181.100000 0.000000 190.500000
VERTEX 38.100000 0.000000 190.500000
VERTEX 38.100000 38.100000 152.400000
VERTEX 1181.100000 38.100000 152.400000
VERTEX 1181.100000 38.100000 190.500000
VERTEX 38.100000 38.100000 190.500000
VERTEX 38.100000 0.000000 2095.500000
VERTEX 1181.100000 0.000000 2095.500000
VERTEX 1181.100000 0.000000 2133.600000
VERTEX 38.100000 0.000000 2133.600000
VERTEX 38.100000 38.100000 2095.500000
VERTEX 1181.100000 38.100000 2095.500000
VERTEX 1181.100000 38.100000 2133.600000
VERTEX 38.100000 38.100000 2133.600000
POLYGON 4
0
1
2
3
POLYGON 4
7
6
5
4
POLYGON 4
0
3
7
4
POLYGON 4
1
5
6
2
POLYGON 4
0
4
5
1
POLYGON 4
3
2
6
7
POLYGON 4
8
9
10
11
POLYGON 4
15
14
13
12
POLYGON 4
8
11
15
12
POLYGON 4
9
13
14
10
POLYGON 4
8
12
13
9
POLYGON 4
11
10
14
15
POLYGON 4
16
17
18
19
POLYGON 4
23
22
21
20
POLYGON 4
16
19
23
20
POLYGON 4
17
21
22
18
POLYGON 4
16
20
21
17
POLYGON 4
19
18
22
23
POLYGON 4
24
25
26
27
POLYGON 4
31
30
29
28
POLYGON 4
24
27
31
28
POLYGON 4
25
29
30
31
POLYGON 4
24
28
29
25
POLYGON 4
27
26
30
31
PART_DATA_NULL
PART_NULL
#
PART
PART_NAME lexanShield4X704
PART_PARENT lexanShield4X703
PART_TRANSLATE 1219.200000 0.000000 0.000000
PART_ROTATE 0.000000 0.000000 0.000000
PART_TXYZ 0
PART_SMOOTH_SHADE_ANGLE 32.000000
RENDER_MODE 1
MATERIAL_AMBIENT 0.470588 0.470588 0.525490 1.000000
MATERIAL_DIFFUSE 0.784314 0.784314 0.784314 1.000000
MATERIAL_SPECULAR 0.486275 0.486275 0.486275 1.000000
MATERIAL_EMISSION 0.058824 0.058824 0.058824 1.000000
MATERIAL_WIREFRAME 0.686275 0.686275 0.686275 1.000000
MATERIAL_SHININESS 10.000000
PART_DATA
VERTEX 0.000000 0.000000 0.000000
VERTEX 38.100000 0.000000 0.000000
VERTEX 38.100000 0.000000 2133.600000
VERTEX 0.000000 0.000000 2133.600000
VERTEX 0.000000 38.100000 0.000000
VERTEX 38.100000 38.100000 0.000000
VERTEX 38.100000 38.100000 2133.600000
VERTEX 0.000000 38.100000 2133.600000
VERTEX 1181.100000 0.000000 0.000000
VERTEX 1219.200000 0.000000 0.000000
VERTEX 1219.200000 0.000000 2133.600000
VERTEX 1181.100000 0.000000 2133.600000
VERTEX 1181.100000 38.100000 0.000000
VERTEX 1219.200000 38.100000 0.000000
VERTEX 1219.200000 38.100000 2133.600000
VERTEX 1181.100000 38.100000 2133.600000
VERTEX 38.100000 0.000000 152.400000
VERTEX 1181.100000 0.000000 152.400000
VERTEX 1181.100000 0.000000 190.500000
VERTEX 38.100000 0.000000 190.500000
VERTEX 38.100000 38.100000 152.400000
VERTEX 1181.100000 38.100000 152.400000
VERTEX 1181.100000 38.100000 190.500000
VERTEX 38.100000 38.100000 190.500000
VERTEX 38.100000 0.000000 2095.500000
VERTEX 1181.100000 0.000000 2095.500000
VERTEX 1181.100000 0.000000 2133.600000
VERTEX 38.100000 0.000000 2133.600000
VERTEX 38.100000 38.100000 2095.500000
VERTEX 1181.100000 38.100000 2095.500000
VERTEX 1181.100000 38.100000 2133.600000
VERTEX 38.100000 38.100000 2133.600000
POLYGON 4
0
1
2
3
POLYGON 4
7
6
5
4
POLYGON 4
0
3
7
4
POLYGON 4
1
5
6
2
POLYGON 4
0
4
5
1
POLYGON 4
3
2
6
7
POLYGON 4
8
9
10
11
POLYGON 4
15
14
13
12
POLYGON 4
8
11
15
12
POLYGON 4
9
13
14
10
POLYGON 4
8
12
13
9
POLYGON 4
11
10
14
15
POLYGON 4
16
17
18
19
POLYGON 4
23
22
21
20
POLYGON 4
16
19
23
20
POLYGON 4
17
21
22
18
POLYGON 4
16
20
21
17
POLYGON 4
19
18
22
23
POLYGON 4
24
25
26
27
POLYGON 4
31
30
29
28
POLYGON 4
24
27
31
28
POLYGON 4
25
29
30
31
POLYGON 4
24
28
29
25
POLYGON 4
27
26
30
31
PART_DATA_NULL
PART_NULL
#
NULL
