VERTEX 25.753433 0.000000 24.610001
VERTEX 25.753433 24.610001 24.610001
VERTEX 63.453434 24.610001 24.610001
VERTEX 63.453434 0.000000 24.610001
VERTEX 32.727825 0.000000 33.340000
VERTEX 63.453434 0.000000 33.340000
VERTEX 63.453434 24.610001 33.340000
VERTEX 32.727825 24.610001 33.340000
VERTEX 40.354073 24.598183 42.885941
VERTEX 40.354073 -0.011818 42.885941
VERTEX 42.601360 24.598183 44.696922
VERTEX 42.601360 -0.011818 44.696922
VERTEX 45.182247 24.598183 45.988819
VERTEX 45.182247 -0.011818 45.988823
VERTEX 47.978764 24.598183 46.702591
VERTEX 47.978764 -0.011818 46.702591
VERTEX 50.863091 24.598183 46.805603
VERTEX 50.863091 -0.011818 46.805603
VERTEX 53.703403 24.598183 46.293156
VERTEX 53.703403 -0.011818 46.293156
VERTEX 56.369873 24.598183 45.188667
VERTEX 56.369873 -0.011818 45.188667
VERTEX 58.740631 24.598183 43.542622
VERTEX 58.740631 -0.011818 43.542622
VERTEX 60.707317 24.598183 41.430248
VERTEX 60.707317 -0.011818 41.430248
VERTEX 62.180046 24.598183 38.948105
VERTEX 62.180046 -0.011818 38.948105
VERTEX 63.091496 24.598183 36.209633
VERTEX 63.091496 -0.011818 36.209633
VERTEX 63.400013 24.598183 33.340000
VERTEX 63.400013 -0.011818 33.340000
VERTEX 49.900013 24.598183 33.340000
VERTEX 49.900013 -0.011818 33.340000
VERTEX 0.000000 24.649220 24.610001
VERTEX 0.000000 24.649220 0.000000
VERTEX -3.466720 24.150780 24.610001
VERTEX -3.466720 24.150780 0.000000
VERTEX -6.652585 22.695845 24.610001
VERTEX -6.652585 22.695845 0.000000
VERTEX -9.299500 20.402279 24.610001
VERTEX -9.299500 20.402279 0.000000
VERTEX -11.193022 17.455902 24.610001
VERTEX -11.193022 17.455902 0.000000
VERTEX -12.179753 14.095402 24.610001
VERTEX -12.179753 14.095402 0.000000
VERTEX -12.179753 10.593035 24.610001
VERTEX -12.179753 10.593035 0.000000
VERTEX -11.193023 7.232538 24.610001
VERTEX -11.193023 7.232538 0.000000
VERTEX -9.299499 4.286157 24.610001
VERTEX -9.299499 4.286157 0.000000
VERTEX -6.652583 1.992593 24.610001
VERTEX -6.652583 1.992593 0.000000
VERTEX -3.466718 0.537658 24.610001
VERTEX -3.466718 0.537658 0.000000
VERTEX 0.000000 0.039219 24.610001
VERTEX 0.000000 0.039219 0.000000
VERTEX 33.214821 0.000000 0.220878
VERTEX 33.214821 24.610001 0.220879
VERTEX 31.322659 0.000000 0.000000
VERTEX 31.322659 24.610001 0.000000
VERTEX 63.500000 24.610001 3.756168
VERTEX 63.500000 0.000000 3.756168
VERTEX 33.240604 24.610001 0.000000
VERTEX 33.240604 0.000000 0.000000
VERTEX 0.000000 0.000000 0.000000
VERTEX 0.000000 24.610001 0.000000
VERTEX 0.000000 24.610001 24.610001
VERTEX 63.500000 24.610001 24.610001
VERTEX 63.500000 0.000000 24.610001
VERTEX 0.000000 0.000000 24.610001
VERTEX 40.354073 24.598183 42.885941
VERTEX 25.753433 24.610001 24.610001
VERTEX 25.753433 0.000000 24.610001
VERTEX 40.354073 -0.011818 42.885941
VERTEX 49.900013 -0.011818 33.340000
VERTEX 32.727825 0.000000 33.340000
VERTEX 32.727825 24.610001 33.340000
VERTEX 49.900013 24.598183 33.340000
POLYGON 4
0
1
2
3
POLYGON 4
4
5
6
7
POLYGON 4
2
1
7
6
POLYGON 4
3
2
6
5
POLYGON 4
0
3
5
4
POLYGON 4
8
32
33
9
POLYGON 4
32
30
31
33
POLYGON 4
30
28
29
31
POLYGON 4
28
26
27
29
POLYGON 4
26
24
25
27
POLYGON 4
24
22
23
25
POLYGON 4
22
20
21
23
POLYGON 4
20
18
19
21
POLYGON 4
18
16
17
19
POLYGON 4
16
14
15
17
POLYGON 4
14
12
13
15
POLYGON 4
12
10
11
13
POLYGON 4
10
8
9
11
POLYGON 13
8
10
12
14
16
18
20
22
24
26
28
30
32
POLYGON 13
9
33
31
29
27
25
23
21
19
17
15
13
11
POLYGON 4
57
35
34
56
POLYGON 4
35
37
36
34
POLYGON 4
37
39
38
36
POLYGON 4
39
41
40
38
POLYGON 4
41
43
42
40
POLYGON 4
43
45
44
42
POLYGON 4
45
47
46
44
POLYGON 4
47
49
48
46
POLYGON 4
49
51
50
48
POLYGON 4
51
53
52
50
POLYGON 4
53
55
54
52
POLYGON 4
55
57
56
54
POLYGON 12
57
55
53
51
49
47
45
43
41
39
37
35
POLYGON 12
56
34
36
38
40
42
44
46
48
50
52
54
POLYGON 4
71
70
69
68
POLYGON 4
67
66
71
68
POLYGON 4
65
66
67
64
POLYGON 4
63
62
69
70
POLYGON 5
62
61
67
68
69
POLYGON 5
66
60
63
70
71
POLYGON 3
59
64
61
POLYGON 3
58
60
65
POLYGON 4
58
59
62
63
POLYGON 4
64
59
58
65
POLYGON 4
72
73
74
75
POLYGON 3
75
76
77
POLYGON 3
75
77
76
POLYGON 3
72
78
79
POLYGON 3
79
78
72
NULL
