ALPHA_BLENDING 770 771
ALPHA_FUNCTION 519 0.000
GRID 1 1000 20000 15000 255 255 0
LIGHTING_MODEL 1 0 50 50 50 255
SUN_PARAMETERS 45.000 0.000 0.749020
WORLD_COORDINATE_FRAME 0
UNITS millimeters
BOUNDING_BOX 0
AUTO_SOCKET_SERVER 0
FOG 0 0 0.00 0.00 0.00 0.00 0.00 0.00 0.00 0.00
SPLINE_RESOLUTION 16.00
EYE 933.374 -897.901 2416.188 910.274 -518.165 2155.530 0.00 0.00 1.00 100.000 100000.0 30.00 1.278008
FRAMES_PER_SECOND 30
REAL_TIME 1
ANTI_ALIAS 0
OUTPUT_BITMAP 0
#
#
DEVICE
DEVICE_NAME robotStand1
DEVICE_PARENT NONE NONE
DEVICE_VISIBLE 1
DEVICE_MASS 0.000
DEVICE_BAR_CODE 000000000000
DEVICE_SCALE 1.000000 1.000000 1.000000
DEVICE_NULL
#
PART
PART_NAME plat17X17X9
PART_PARENT NONE
PART_TRANSLATE 882.166973 -489.065862 0.000000
PART_ROTATE 0.000000 0.000000 0.000000
PART_TXYZ 0
RENDER_MODE 1
MATERIAL_AMBIENT 0.176471 0.176471 0.176471 1.000000
MATERIAL_DIFFUSE 0.500000 0.500000 0.498039 1.000000
MATERIAL_SPECULAR 0.500000 0.500000 0.100000 1.000000
MATERIAL_EMISSION 0.000000 0.000000 0.000000 1.000000
MATERIAL_WIREFRAME 0.500000 0.498039 0.498039 1.000000
MATERIAL_SHININESS 50.000000
PART_DATA
VERTEX 165.100006 0.000000 12.700000
VERTEX 165.100006 0.000000 215.899994
VERTEX 155.143250 -56.467564 12.700000
VERTEX 155.143250 -56.467564 215.899994
VERTEX 126.473923 -106.124260 12.700000
VERTEX 126.473923 -106.124260 215.899994
VERTEX 82.549988 -142.980804 12.700000
VERTEX 82.549988 -142.980804 215.899994
VERTEX 28.669312 -162.591766 12.700000
VERTEX 28.669312 -162.591766 215.899994
VERTEX -28.669308 -162.591766 12.700000
VERTEX -28.669308 -162.591766 215.899994
VERTEX -82.549988 -142.980804 12.700000
VERTEX -82.549988 -142.980804 215.899994
VERTEX -126.473946 -106.124229 12.700000
VERTEX -126.473946 -106.124229 215.899994
VERTEX -155.143250 -56.467529 12.700000
VERTEX -155.143250 -56.467529 215.899994
VERTEX -165.100006 0.000000 12.700000
VERTEX -165.100006 0.000000 215.899994
VERTEX -155.143250 56.467541 12.700000
VERTEX -155.143250 56.467541 215.899994
VERTEX -126.473938 106.124237 12.700000
VERTEX -126.473938 106.124237 215.899994
VERTEX -82.550011 142.980789 12.700000
VERTEX -82.550011 142.980789 215.899994
VERTEX -28.669317 162.591766 12.700000
VERTEX -28.669317 162.591766 215.899994
VERTEX 28.669321 162.591766 12.700000
VERTEX 28.669321 162.591766 215.899994
VERTEX 82.549995 142.980804 12.700000
VERTEX 82.549995 142.980804 215.899994
VERTEX 126.473946 106.124237 12.700000
VERTEX 126.473946 106.124237 215.899994
VERTEX 155.143265 56.467525 12.700000
VERTEX 155.143265 56.467525 215.899994
VERTEX -215.899994 -215.899994 215.899994
VERTEX 215.899994 -215.899994 215.899994
VERTEX 215.899994 215.899994 215.899994
VERTEX -215.899994 215.899994 215.899994
VERTEX -215.899994 -215.899994 228.599991
VERTEX -215.899994 215.899994 228.599991
VERTEX 215.899994 215.899994 228.599991
VERTEX 215.899994 -215.899994 228.599991
VERTEX -215.899994 -215.899994 0.000000
VERTEX 215.899994 -215.899994 0.000000
VERTEX 215.899994 215.899994 0.000000
VERTEX -215.899994 215.899994 0.000000
VERTEX -215.899994 -215.899994 12.700000
VERTEX -215.899994 215.899994 12.700000
VERTEX 215.899994 215.899994 12.700000
VERTEX 215.899994 -215.899994 12.700000
POLYGON 4
0
34
35
1
POLYGON 4
34
32
33
35
POLYGON 4
32
30
31
33
POLYGON 4
30
28
29
31
POLYGON 4
28
26
27
29
POLYGON 4
26
24
25
27
POLYGON 4
24
22
23
25
POLYGON 4
22
20
21
23
POLYGON 4
20
18
19
21
POLYGON 4
18
16
17
19
POLYGON 4
16
14
15
17
POLYGON 4
14
12
13
15
POLYGON 4
12
10
11
13
POLYGON 4
10
8
9
11
POLYGON 4
8
6
7
9
POLYGON 4
6
4
5
7
POLYGON 4
4
2
3
5
POLYGON 4
2
0
1
3
POLYGON 4
36
39
38
37
POLYGON 4
40
43
42
41
POLYGON 4
39
36
40
41
POLYGON 4
38
39
41
42
POLYGON 4
37
38
42
43
POLYGON 4
36
37
43
40
POLYGON 4
44
47
46
45
POLYGON 4
48
51
50
49
POLYGON 4
47
44
48
49
POLYGON 4
46
47
49
50
POLYGON 4
45
46
50
51
POLYGON 4
44
45
51
48
PART_DATA_NULL
PART_NULL
#
ROBOT6
ROBOT6_NAME robot1
ROBOT6_PARENT robotStand1 NONE
ROBOT6_VISIBLE 1
ROBOT6_MASS 0.000
ROBOT6_BAR_CODE 000000000000
ROBOT6_MIN_ACCEL_TIME 0.100
ROBOT6_HOME 0.00 0.00 0.00 0.00 0.00 0.00
ROBOT6_JOINT_VALUES 0.00 -89.00 -89.00 -109.42 0.00 109.42
ROBOT6_MAX_ACCEL 286.00 286.00 286.00 286.00 286.00 286.00
ROBOT6_MAX_SPEED 200.00 200.00 200.00 200.00 200.00 200.00
ROBOT6_MIN_ACCEL_TIME 0.10 0.10 0.10 0.10 0.10 0.10
ROBOT6_MIN_JOINT_VALUES -160.00 -180.00 -232.50 -270.00 -105.00 -270.00
ROBOT6_MAX_JOINT_VALUES 160.00 0.00 52.50 270.00 120.00 270.00
ROBOT6_JOINT_INTERPOLATION 1
ROBOT6_MAX_SCREW_SPEED 400.00
ROBOT6_MAX_SCREW_ACCEL 500.00
ROBOT6_MAX_TOOL_SPEED 300.00
ROBOT6_MAX_TOOL_ACCEL 700.00
ROBOT6_SPEED 30
ROBOT6_TCP_OFFSET 0.00 0.00 110.00 0.00 0.00 0.00
ROBOT6_NULL
#
PART
PART_NAME Base
PART_PARENT NONE
PART_TRANSLATE 0.000000 0.000000 778.599976
PART_ROTATE 0.000000 0.000000 0.000000
PART_TXYZ 0
RENDER_MODE 1
MATERIAL_AMBIENT 0.686275 0.588235 0.098039 1.000000
MATERIAL_DIFFUSE 0.705882 0.470588 0.098039 1.000000
MATERIAL_SPECULAR 0.725490 0.098039 0.098039 1.000000
MATERIAL_EMISSION 0.019608 0.019608 0.000000 1.000000
MATERIAL_WIREFRAME 0.823529 0.686275 0.098039 1.000000
MATERIAL_SHININESS 25.000000
PART_DATA
VERTEX 76.435951 -112.500000 -550.000000
VERTEX 181.007721 -112.500000 -550.000000
VERTEX 204.477158 -66.438644 -550.000000
VERTEX 76.435997 112.500000 -550.000000
VERTEX 181.007996 112.500000 -550.000000
VERTEX 204.477005 66.438698 -550.000000
VERTEX 215.000000 0.000000 -550.000000
VERTEX 76.435951 -112.500000 -430.000000
VERTEX 76.435951 112.500000 -430.000000
VERTEX 181.007721 -112.500000 -490.374542
VERTEX 204.477158 -66.438644 -503.924622
VERTEX 181.007721 112.500000 -490.374542
VERTEX 204.477142 66.438667 -503.924622
VERTEX 215.000000 0.000000 -510.000000
VERTEX 131.812485 -168.500000 -510.000000
VERTEX 173.938660 -126.373825 -510.000000
VERTEX 204.477158 -66.438644 -510.000000
VERTEX 204.477142 66.438667 -510.000000
VERTEX 173.938660 126.373817 -510.000000
VERTEX 131.812485 168.500000 -510.000000
VERTEX -168.500000 168.500000 -510.000000
VERTEX -168.500000 -168.500000 -510.000000
VERTEX 131.812485 168.500000 -550.000000
VERTEX -168.500000 168.500000 -550.000000
VERTEX -168.500000 -168.500000 -550.000000
VERTEX 131.812485 -168.500000 -550.000000
VERTEX 173.938660 126.373817 -550.000000
VERTEX 204.477142 66.438667 -550.000000
VERTEX 215.000000 0.000000 -550.000000
VERTEX 204.477158 -66.438644 -550.000000
VERTEX 173.938660 -126.373825 -550.000000
VERTEX 131.812485 -168.500000 -550.000000
VERTEX 173.938660 -126.373825 -550.000000
VERTEX 173.938660 -126.373825 -510.000000
VERTEX 131.812485 -168.500000 -510.000000
VERTEX 204.477158 -66.438644 -550.000000
VERTEX 204.477158 -66.438644 -510.000000
VERTEX 173.938660 126.373817 -550.000000
VERTEX 131.812485 168.500000 -550.000000
VERTEX 131.812485 168.500000 -510.000000
VERTEX 173.938660 126.373817 -510.000000
VERTEX 204.477142 66.438667 -550.000000
VERTEX 215.000000 0.000000 -550.000000
VERTEX 215.000000 0.000000 -510.000000
VERTEX 204.477142 66.438667 -510.000000
VERTEX 52.069366 -160.253021 -510.000000
VERTEX 99.041817 -136.319366 -510.000000
VERTEX 99.041817 -136.319366 -220.000000
VERTEX 52.069366 -160.253021 -220.000000
VERTEX 136.319366 -99.041809 -510.000000
VERTEX 136.319366 -99.041809 -220.000000
VERTEX 160.253021 -52.069359 -510.000000
VERTEX 160.253021 -52.069359 -220.000000
VERTEX 168.500000 0.000000 -510.000000
VERTEX 168.500000 0.000000 -220.000000
VERTEX 160.253021 52.069370 -510.000000
VERTEX 160.253021 52.069370 -220.000000
VERTEX 136.319366 99.041809 -510.000000
VERTEX 136.319366 99.041809 -220.000000
VERTEX 99.041809 136.319366 -510.000000
VERTEX 99.041809 136.319366 -220.000000
VERTEX 52.069370 160.253021 -510.000000
VERTEX 52.069370 160.253021 -220.000000
VERTEX -160.253021 52.069355 -293.246979
VERTEX -168.500000 0.000000 -285.000000
VERTEX -160.253021 -52.069386 -293.246979
VERTEX -136.319382 -99.041794 -317.180603
VERTEX -128.500000 -106.861160 -325.000000
VERTEX -128.500000 106.861160 -325.000000
VERTEX -136.319397 99.041756 -317.180603
VERTEX 0.000000 -168.500000 -220.000000
VERTEX 0.000000 168.500000 -220.000000
VERTEX -52.069359 160.253021 -220.000000
VERTEX -99.041832 136.319351 -220.000000
VERTEX -136.319382 99.041786 -220.000000
VERTEX -160.253021 52.069382 -220.000000
VERTEX -168.500000 0.000000 -220.000000
VERTEX -160.253021 -52.069386 -220.000000
VERTEX -136.319382 -99.041786 -220.000000
VERTEX -99.041824 -136.319351 -220.000000
VERTEX -52.069355 -160.253021 -220.000000
VERTEX 0.000000 -168.500000 -510.000000
VERTEX -52.069355 -160.253021 -510.000000
VERTEX -99.041824 -136.319351 -510.000000
VERTEX -128.500000 -106.861168 -510.000000
VERTEX -128.500000 106.861168 -510.000000
VERTEX -99.041832 136.319351 -510.000000
VERTEX -52.069359 160.253021 -510.000000
VERTEX 0.000000 168.500000 -510.000000
VERTEX -99.041832 136.319351 -354.458191
VERTEX -99.041824 -136.319351 -354.458191
POLYGON 4
12
13
6
5
POLYGON 4
11
12
5
4
POLYGON 4
8
11
4
3
POLYGON 4
13
10
2
6
POLYGON 4
10
9
1
2
POLYGON 4
9
7
0
1
POLYGON 7
8
7
9
10
13
12
11
POLYGON 4
14
21
24
25
POLYGON 4
21
20
23
24
POLYGON 4
20
19
22
23
POLYGON 9
24
23
22
26
27
28
29
30
25
POLYGON 8
14
15
16
17
18
19
20
21
POLYGON 4
42
41
44
43
POLYGON 4
35
42
43
36
POLYGON 4
41
37
40
44
POLYGON 4
37
38
39
40
POLYGON 4
32
35
36
33
POLYGON 4
31
32
33
34
POLYGON 4
45
46
47
48
POLYGON 4
46
49
50
47
POLYGON 4
49
51
52
50
POLYGON 4
51
53
54
52
POLYGON 4
53
55
56
54
POLYGON 4
55
57
58
56
POLYGON 4
57
59
60
58
POLYGON 4
59
61
62
60
POLYGON 4
84
67
68
85
POLYGON 4
81
45
48
70
POLYGON 4
61
88
71
62
POLYGON 4
88
87
72
71
POLYGON 4
87
86
73
72
POLYGON 4
83
82
80
79
POLYGON 4
82
81
70
80
POLYGON 4
69
63
75
74
POLYGON 4
65
66
78
77
POLYGON 4
68
89
86
85
POLYGON 4
64
65
77
76
POLYGON 4
67
84
83
90
POLYGON 4
63
64
76
75
POLYGON 4
79
78
66
90
POLYGON 4
69
74
73
89
POLYGON 7
63
69
68
67
66
65
64
POLYGON 20
70
48
47
50
52
54
56
58
60
62
71
72
73
74
75
76
77
78
79
80
PART_DATA_NULL
PART_NULL
#
PART
PART_NAME J1
PART_PARENT Base
PART_TRANSLATE 0.000000 0.000000 0.000000
PART_ROTATE 0.000000 0.000000 0.000000
PART_TXYZ 0
RENDER_MODE 1
MATERIAL_AMBIENT 0.686275 0.588235 0.098039 1.000000
MATERIAL_DIFFUSE 0.705882 0.470588 0.098039 1.000000
MATERIAL_SPECULAR 0.725490 0.098039 0.098039 1.000000
MATERIAL_EMISSION 0.019608 0.019608 0.000000 1.000000
MATERIAL_WIREFRAME 0.823529 0.686275 0.098039 1.000000
MATERIAL_SHININESS 25.000000
PART_DATA
VERTEX 154.071152 70.999992 50.060760
VERTEX 154.071152 171.000000 50.060760
VERTEX 131.060745 70.999992 95.221222
VERTEX 131.060745 171.000000 95.221222
VERTEX 95.221207 70.999992 131.060760
VERTEX 95.221214 171.000000 131.060760
VERTEX 50.060753 71.000000 154.071167
VERTEX 50.060757 171.000000 154.071167
VERTEX 0.000000 71.000000 162.000000
VERTEX 0.000000 171.000000 162.000000
VERTEX -50.060757 71.000000 154.071167
VERTEX -50.060753 171.000000 154.071167
VERTEX -95.221207 71.000008 131.060760
VERTEX -95.221199 171.000000 131.060760
VERTEX -131.060760 71.000008 95.221191
VERTEX -131.060760 171.000000 95.221191
VERTEX -154.071152 71.000008 50.060760
VERTEX -154.071152 171.000000 50.060760
VERTEX -162.000000 71.000008 0.000000
VERTEX -162.000000 171.000000 0.000000
VERTEX -154.071152 71.000008 -50.060745
VERTEX -154.071152 171.000000 -50.060745
VERTEX -131.060745 71.000008 -95.221222
VERTEX -131.060745 171.000000 -95.221222
VERTEX -95.221184 71.000008 -131.060776
VERTEX -95.221176 171.000000 -131.060776
VERTEX -50.060768 71.000000 -154.071152
VERTEX -50.060764 171.000000 -154.071152
VERTEX 0.000000 71.000000 -162.000000
VERTEX 0.000000 171.000000 -162.000000
VERTEX 50.060780 71.000000 -154.071152
VERTEX 50.060783 171.000000 -154.071152
VERTEX 95.221184 70.999992 -131.060776
VERTEX 95.221191 171.000000 -131.060776
VERTEX 131.060745 70.999992 -95.221222
VERTEX 131.060745 171.000000 -95.221222
VERTEX 154.071152 70.999992 -50.060745
VERTEX 154.071152 171.000000 -50.060745
VERTEX 162.000000 70.999992 0.000000
VERTEX 162.000000 171.000000 0.000000
VERTEX 52.069359 -160.253021 -162.000000
VERTEX 52.069359 -160.253021 -220.000000
VERTEX 99.041809 -136.319366 -162.000000
VERTEX 99.041809 -136.319366 -220.000000
VERTEX 136.319366 -99.041817 -162.000000
VERTEX 136.319366 -99.041817 -220.000000
VERTEX 160.253021 -52.069366 -162.000000
VERTEX 160.253021 -52.069366 -220.000000
VERTEX 168.500000 0.000000 -162.000000
VERTEX 168.500000 0.000000 -220.000000
VERTEX 160.253021 52.069363 -162.000000
VERTEX 160.253021 52.069363 -220.000000
VERTEX 136.319366 99.041801 -162.000000
VERTEX 136.319366 99.041801 -220.000000
VERTEX 99.041817 136.319366 -162.000000
VERTEX 99.041817 136.319366 -220.000000
VERTEX 52.069378 160.253021 -162.000000
VERTEX 52.069378 160.253021 -220.000000
VERTEX 0.000000 168.500000 -162.000000
VERTEX 0.000000 168.500000 -220.000000
VERTEX -52.069351 160.253021 -162.000000
VERTEX -52.069351 160.253021 -220.000000
VERTEX -99.041824 136.319351 -162.000000
VERTEX -99.041824 136.319351 -220.000000
VERTEX -136.319382 99.041794 -162.000000
VERTEX -136.319382 99.041794 -220.000000
VERTEX -160.253021 52.069389 -162.000000
VERTEX -160.253021 52.069389 -220.000000
VERTEX -168.500000 0.000000 -162.000000
VERTEX -168.500000 0.000000 -220.000000
VERTEX -160.253021 -52.069378 -162.000000
VERTEX -160.253021 -52.069378 -220.000000
VERTEX -136.319382 -99.041779 -162.000000
VERTEX -136.319382 -99.041779 -220.000000
VERTEX -99.041832 -136.319351 -162.000000
VERTEX -99.041832 -136.319351 -220.000000
VERTEX -52.069363 -160.253021 -162.000000
VERTEX -52.069363 -160.253021 -220.000000
VERTEX 0.000000 -168.500000 -162.000000
VERTEX 0.000000 -168.500000 -220.000000
VERTEX 175.000000 -60.000008 175.000000
VERTEX 24.999998 -60.000000 175.000000
VERTEX 24.999998 -60.000000 -162.000000
VERTEX 175.000000 -60.000008 -162.000000
VERTEX -175.000000 124.229164 24.999985
VERTEX -175.000015 -209.999985 25.000000
VERTEX -25.000008 -210.000000 25.000000
VERTEX -24.999994 169.481689 24.999985
VERTEX -45.684208 168.125977 24.999985
VERTEX -90.586624 159.194321 24.999985
VERTEX -133.939178 144.478119 24.999985
VERTEX -25.000019 -210.000000 73.768921
VERTEX 24.999992 -210.000000 73.768921
VERTEX 24.999998 -108.768944 175.000000
VERTEX -25.000002 -108.768944 175.000000
VERTEX -24.999996 72.814186 175.000000
VERTEX 175.000000 72.814178 175.000000
VERTEX 175.000000 124.229149 123.585022
VERTEX 133.939224 144.478088 103.336090
VERTEX 90.586647 159.194321 88.619873
VERTEX 45.684162 168.125977 79.688202
VERTEX 1.834980 171.000000 76.814178
VERTEX -1.834960 171.000000 76.814178
VERTEX -24.999981 169.481689 78.332489
VERTEX -133.939148 144.478134 -162.000000
VERTEX -175.000000 124.229149 -162.000000
VERTEX -90.586624 159.194321 -162.000000
VERTEX -45.684204 168.125977 -162.000000
VERTEX -1.834991 171.000000 25.000000
VERTEX -1.834993 171.000000 -162.000000
VERTEX 45.684174 168.125977 -162.000000
VERTEX 1.835006 171.000000 -162.000000
VERTEX 90.586617 159.194336 -162.000000
VERTEX 133.939178 144.478104 -162.000000
VERTEX 175.000000 124.229149 -162.000000
VERTEX 25.000004 72.814217 175.000000
VERTEX 24.999998 -162.789490 -162.000000
VERTEX -175.000000 -162.789474 -162.000000
VERTEX -175.000015 -209.999985 -114.789490
VERTEX 24.999990 -210.000000 -114.789490
VERTEX 25.000010 169.481689 -162.000000
VERTEX 24.999989 -210.000000 24.999985
VERTEX -175.000015 -209.999985 25.000015
VERTEX -175.000000 124.229164 25.000031
VERTEX -133.939178 144.478119 25.000000
VERTEX -90.586624 159.194321 25.000000
VERTEX -45.684208 168.125977 25.000000
VERTEX -24.999952 169.481689 25.000000
VERTEX -25.000008 -210.000000 25.000000
VERTEX -166.200943 -210.000000 73.768921
VERTEX -172.117813 -210.000000 54.263611
VERTEX -24.999985 -210.000000 73.768921
VERTEX -24.999933 -108.768944 175.000000
VERTEX -54.263634 -111.651154 172.117798
VERTEX -82.402550 -120.187050 163.581909
VERTEX -108.335625 -134.048553 149.720398
VERTEX -131.065918 -152.702820 131.066132
VERTEX -149.720459 -175.433411 108.335510
VERTEX -163.582016 -201.366577 82.402344
VERTEX -24.999943 169.481689 78.332520
VERTEX -45.684208 168.125977 79.688232
VERTEX -24.999928 72.814201 175.000000
VERTEX -90.586624 159.194321 88.619873
VERTEX -133.939194 144.478119 103.336090
VERTEX -172.117798 125.650520 54.263611
VERTEX -163.581985 129.859909 82.402374
VERTEX -149.720444 136.695663 108.335541
VERTEX -148.094528 137.497482 110.316711
VERTEX -131.065948 116.748100 131.066101
VERTEX -54.263653 75.696419 172.117767
VERTEX -82.402550 84.232285 163.581909
VERTEX -108.335594 98.093811 149.720398
VERTEX 175.000000 -60.000000 -162.000000
VERTEX 24.999998 -60.000000 -162.000000
VERTEX 24.999998 -60.000000 175.000000
VERTEX 175.000000 -60.000000 175.000000
VERTEX 24.999996 -108.768944 175.000000
VERTEX 166.200897 -108.768959 175.000000
VERTEX 172.117798 -89.263565 175.000000
VERTEX 163.581924 -117.402519 166.366425
VERTEX 24.999990 -210.000000 73.768921
VERTEX 54.263542 -207.117798 76.651123
VERTEX 82.402512 -198.581924 85.187012
VERTEX 108.335526 -184.720444 99.048492
VERTEX 131.066025 -166.066010 117.702911
VERTEX 149.720444 -143.335541 140.433411
VERTEX 172.117798 -89.263565 -162.000000
VERTEX 163.581924 -117.402519 -162.000000
VERTEX 149.720444 -143.335541 -162.000000
VERTEX 133.755005 -162.789474 -162.000000
VERTEX 24.999992 -162.789490 -162.000000
VERTEX 131.066025 -166.066010 -158.723465
VERTEX 24.999990 -210.000000 -114.789490
VERTEX 54.263542 -207.117798 -117.671692
VERTEX 82.402512 -198.581924 -126.207565
VERTEX 108.335526 -184.720444 -140.069046
POLYGON 4
37
39
38
36
POLYGON 4
35
37
36
34
POLYGON 4
33
35
34
32
POLYGON 4
31
33
32
30
POLYGON 4
29
31
30
28
POLYGON 4
27
29
28
26
POLYGON 4
25
27
26
24
POLYGON 4
23
25
24
22
POLYGON 4
21
23
22
20
POLYGON 4
19
21
20
18
POLYGON 4
17
19
18
16
POLYGON 4
15
17
16
14
POLYGON 4
13
15
14
12
POLYGON 4
11
13
12
10
POLYGON 4
9
11
10
8
POLYGON 4
7
9
8
6
POLYGON 4
5
7
6
4
POLYGON 4
3
5
4
2
POLYGON 4
1
3
2
0
POLYGON 4
39
1
0
38
POLYGON 20
39
37
35
33
31
29
27
25
23
21
19
17
15
13
11
9
7
5
3
1
POLYGON 3
76
78
40
POLYGON 4
77
79
78
76
POLYGON 4
75
77
76
74
POLYGON 4
73
75
74
72
POLYGON 4
71
73
72
70
POLYGON 4
69
71
70
68
POLYGON 4
67
69
68
66
POLYGON 4
65
67
66
64
POLYGON 4
63
65
64
62
POLYGON 4
61
63
62
60
POLYGON 4
59
61
60
58
POLYGON 4
57
59
58
56
POLYGON 4
55
57
56
54
POLYGON 4
53
55
54
52
POLYGON 4
51
53
52
50
POLYGON 4
49
51
50
48
POLYGON 4
47
49
48
46
POLYGON 4
45
47
46
44
POLYGON 4
43
45
44
42
POLYGON 4
41
43
42
40
POLYGON 4
79
41
40
78
POLYGON 20
79
77
75
73
71
69
67
65
63
61
59
57
55
53
51
49
47
45
43
41
POLYGON 4
119
121
85
118
POLYGON 4
91
86
121
92
POLYGON 4
116
119
118
117
POLYGON 4
95
94
93
115
POLYGON 4
115
81
80
96
POLYGON 4
97
114
113
98
POLYGON 4
98
113
112
99
POLYGON 4
103
102
108
87
POLYGON 4
101
111
109
102
POLYGON 4
99
112
110
100
POLYGON 4
100
110
111
101
POLYGON 4
108
109
107
88
POLYGON 4
88
107
106
89
POLYGON 4
89
106
104
90
POLYGON 4
90
104
105
84
POLYGON 4
91
92
93
94
POLYGON 4
80
81
82
83
POLYGON 6
81
93
92
119
116
82
POLYGON 5
84
105
117
118
85
POLYGON 9
116
117
105
104
106
107
109
111
120
POLYGON 5
83
114
97
96
80
POLYGON 6
94
95
103
87
86
91
POLYGON 7
82
120
110
112
113
114
83
POLYGON 9
95
96
97
98
99
100
101
102
103
POLYGON 7
84
85
86
87
88
89
90
POLYGON 4
130
144
123
122
POLYGON 4
137
146
145
138
POLYGON 4
135
151
148
136
POLYGON 4
134
150
151
135
POLYGON 4
133
149
150
134
POLYGON 4
132
141
149
133
POLYGON 4
142
125
124
143
POLYGON 4
140
126
125
142
POLYGON 4
139
127
126
140
POLYGON 5
129
138
145
144
130
POLYGON 10
149
141
139
140
142
143
147
148
151
150
POLYGON 5
136
148
147
146
137
POLYGON 7
144
145
146
147
143
124
123
POLYGON 6
131
128
127
139
141
132
POLYGON 9
131
132
133
134
135
136
137
138
129
POLYGON 5
129
130
122
128
131
POLYGON 7
122
123
124
125
126
127
128
POLYGON 4
166
152
155
158
POLYGON 4
165
168
167
159
POLYGON 4
163
175
171
164
POLYGON 4
162
174
175
163
POLYGON 4
161
173
174
162
POLYGON 4
160
172
173
161
POLYGON 4
152
153
154
155
POLYGON 5
159
167
166
158
157
POLYGON 7
173
172
170
169
171
175
174
POLYGON 6
153
170
172
160
156
154
POLYGON 5
164
171
169
168
165
POLYGON 7
152
166
167
168
169
170
153
POLYGON 9
159
157
156
160
161
162
163
164
165
POLYGON 5
155
154
156
157
158
PART_DATA_NULL
PART_NULL
#
PART
PART_NAME J2
PART_PARENT J1
PART_TRANSLATE 0.000000 0.000000 0.000000
PART_ROTATE -90.000000 0.000000 0.000000
PART_TXYZ 0
RENDER_MODE 1
MATERIAL_AMBIENT 0.686275 0.588235 0.098039 1.000000
MATERIAL_DIFFUSE 0.705882 0.470588 0.098039 1.000000
MATERIAL_SPECULAR 0.725490 0.098039 0.098039 1.000000
MATERIAL_EMISSION 0.019608 0.019608 0.000000 1.000000
MATERIAL_WIREFRAME 0.823529 0.686275 0.098039 1.000000
MATERIAL_SHININESS 25.000000
PART_DATA
VERTEX 0.000000 186.000000 252.000000
VERTEX -57.477154 176.896515 252.000000
VERTEX -109.328072 150.477158 252.000000
VERTEX -150.477188 109.328026 252.000000
VERTEX -176.896500 57.477184 252.000000
VERTEX -186.000000 0.000000 252.000000
VERTEX -176.896500 -57.477180 252.000000
VERTEX -150.477188 -109.328018 252.000000
VERTEX -109.328072 -150.477142 252.000000
VERTEX -57.477158 -176.896515 252.000000
VERTEX 0.000000 -186.000000 252.000000
VERTEX 57.477169 -176.896515 252.000000
VERTEX 109.328049 -150.477173 252.000000
VERTEX 150.477173 -109.328049 252.000000
VERTEX 176.896515 -57.477169 252.000000
VERTEX 186.000000 0.000000 252.000000
VERTEX 176.896515 57.477154 252.000000
VERTEX 150.477158 109.328056 252.000000
VERTEX 57.477161 176.896515 252.000000
VERTEX 109.328056 150.477158 252.000000
VERTEX 0.000000 162.000000 171.000000
VERTEX -50.060745 154.071152 171.000000
VERTEX -95.221222 131.060745 171.000000
VERTEX -131.060776 95.221184 171.000000
VERTEX -154.071152 50.060776 171.000000
VERTEX -162.000000 0.000000 171.000000
VERTEX -154.071152 -50.060772 171.000000
VERTEX -131.060776 -95.221184 171.000000
VERTEX -95.221222 -131.060745 171.000000
VERTEX -50.060749 -154.071152 171.000000
VERTEX 0.000000 -162.000000 171.000000
VERTEX 50.060760 -154.071152 171.000000
VERTEX 95.221199 -131.060760 171.000000
VERTEX 131.060760 -95.221207 171.000000
VERTEX 154.071152 -50.060760 171.000000
VERTEX 162.000000 0.000000 171.000000
VERTEX 154.071152 50.060749 171.000000
VERTEX 131.060760 95.221207 171.000000
VERTEX 95.221214 131.060745 171.000000
VERTEX 50.060753 154.071152 171.000000
VERTEX 0.000000 186.000000 347.000000
VERTEX 0.000000 186.000000 252.000000
VERTEX -57.477154 176.896515 347.000000
VERTEX -57.477154 176.896515 252.000000
VERTEX -109.328072 150.477158 347.000000
VERTEX -109.328072 150.477158 252.000000
VERTEX -150.477188 109.328026 347.000000
VERTEX -150.477188 109.328026 252.000000
VERTEX -176.896500 57.477184 347.000000
VERTEX -176.896500 57.477184 252.000000
VERTEX -186.000000 0.000000 347.000000
VERTEX -186.000000 0.000000 252.000000
VERTEX -176.896500 -57.477180 347.000000
VERTEX -176.896500 -57.477180 252.000000
VERTEX -150.477188 -109.328018 347.000000
VERTEX -150.477188 -109.328018 252.000000
VERTEX -109.328072 -150.477142 347.000000
VERTEX -109.328072 -150.477142 252.000000
VERTEX -57.477158 -176.896515 347.000000
VERTEX -57.477158 -176.896515 252.000000
VERTEX 0.000000 -186.000000 347.000000
VERTEX 0.000000 -186.000000 252.000000
VERTEX 57.477169 -176.896515 347.000000
VERTEX 109.328049 -150.477173 347.000000
VERTEX 150.477173 -109.328049 347.000000
VERTEX 176.896515 -57.477169 347.000000
VERTEX 186.000000 0.000000 347.000000
VERTEX 176.896515 57.477154 347.000000
VERTEX 150.477158 109.328056 347.000000
VERTEX 109.328056 150.477158 347.000000
VERTEX 57.477161 176.896515 347.000000
VERTEX 730.172241 76.412079 252.000000
VERTEX 701.412109 105.172211 252.000000
VERTEX 665.172180 123.637344 252.000000
VERTEX 625.000000 130.000000 252.000000
VERTEX 584.827820 123.637352 252.000000
VERTEX 548.587891 105.172203 252.000000
VERTEX 519.827759 76.412064 252.000000
VERTEX 501.362671 40.172226 252.000000
VERTEX 495.000000 0.000000 252.000000
VERTEX 501.362671 -40.172222 252.000000
VERTEX 519.827759 -76.412056 252.000000
VERTEX 548.587891 -105.172203 252.000000
VERTEX 584.827820 -123.637344 252.000000
VERTEX 625.000000 -130.000000 252.000000
VERTEX 665.172241 -123.637344 252.000000
VERTEX 701.412048 -105.172218 252.000000
VERTEX 730.172241 -76.412079 252.000000
VERTEX 748.637329 40.172203 252.000000
VERTEX 755.000000 0.000000 252.000000
VERTEX 748.637329 -40.172215 252.000000
VERTEX 625.000000 120.000000 171.000000
VERTEX 587.917969 114.126785 171.000000
VERTEX 554.465759 97.082031 171.000000
VERTEX 527.917969 70.534210 171.000000
VERTEX 510.873230 37.082054 171.000000
VERTEX 505.000000 0.000000 171.000000
VERTEX 510.873230 -37.082054 171.000000
VERTEX 527.917969 -70.534210 171.000000
VERTEX 554.465759 -97.082031 171.000000
VERTEX 587.917969 -114.126785 171.000000
VERTEX 625.000000 -120.000000 171.000000
VERTEX 662.082031 -114.126778 171.000000
VERTEX 695.534241 -97.082047 171.000000
VERTEX 722.082031 -70.534225 171.000000
VERTEX 739.126770 -37.082047 171.000000
VERTEX 745.000000 0.000000 171.000000
VERTEX 739.126770 37.082035 171.000000
VERTEX 722.082031 70.534225 171.000000
VERTEX 695.534241 97.082039 171.000000
VERTEX 662.082031 114.126785 171.000000
VERTEX 625.000000 130.000000 347.000000
VERTEX 625.000000 130.000000 252.000000
VERTEX 584.827820 123.637352 347.000000
VERTEX 548.587891 105.172203 347.000000
VERTEX 519.827759 76.412064 347.000000
VERTEX 501.362671 40.172226 347.000000
VERTEX 495.000000 0.000000 347.000000
VERTEX 501.362671 -40.172222 347.000000
VERTEX 519.827759 -76.412056 347.000000
VERTEX 548.587891 -105.172203 347.000000
VERTEX 584.827820 -123.637344 347.000000
VERTEX 625.000000 -130.000000 347.000000
VERTEX 625.000000 -130.000000 252.000000
VERTEX 665.172241 -123.637344 347.000000
VERTEX 665.172241 -123.637344 252.000000
VERTEX 701.412048 -105.172218 347.000000
VERTEX 701.412048 -105.172218 252.000000
VERTEX 730.172241 -76.412079 347.000000
VERTEX 730.172241 -76.412079 252.000000
VERTEX 748.637329 -40.172215 347.000000
VERTEX 748.637329 -40.172215 252.000000
VERTEX 755.000000 0.000000 347.000000
VERTEX 755.000000 0.000000 252.000000
VERTEX 748.637329 40.172203 347.000000
VERTEX 748.637329 40.172203 252.000000
VERTEX 730.172241 76.412079 347.000000
VERTEX 730.172241 76.412079 252.000000
VERTEX 701.412109 105.172211 347.000000
VERTEX 701.412109 105.172211 252.000000
VERTEX 665.172180 123.637344 347.000000
VERTEX 665.172180 123.637344 252.000000
VERTEX 625.000000 130.000000 347.000000
VERTEX 0.000000 186.000000 347.000000
VERTEX 0.000000 -186.000000 347.000000
VERTEX 625.000000 -130.000000 347.000000
VERTEX 625.000000 130.000000 252.000000
VERTEX 625.000000 -130.000000 252.000000
VERTEX 0.000000 -186.000000 252.000000
VERTEX 0.000000 186.000000 252.000000
VERTEX 625.000000 130.000000 347.000000
VERTEX 625.000000 -130.000000 347.000000
VERTEX 0.000000 -186.000000 347.000000
VERTEX 0.000000 186.000000 347.000000
VERTEX 0.000000 120.000000 182.000000
VERTEX 625.000000 120.000000 182.000000
VERTEX 625.000000 -120.000000 182.000000
VERTEX 0.000000 -120.000000 182.000000
VERTEX 625.000000 -120.000000 252.000000
VERTEX 625.000000 120.000000 252.000000
VERTEX 0.000000 120.000000 252.000000
VERTEX 0.000000 -120.000000 252.000000
POLYGON 4
19
38
39
18
POLYGON 4
17
37
38
19
POLYGON 4
16
36
37
17
POLYGON 4
15
35
36
16
POLYGON 4
14
34
35
15
POLYGON 4
13
33
34
14
POLYGON 4
12
32
33
13
POLYGON 4
11
31
32
12
POLYGON 4
10
30
31
11
POLYGON 4
9
29
30
10
POLYGON 4
8
28
29
9
POLYGON 4
7
27
28
8
POLYGON 4
6
26
27
7
POLYGON 4
5
25
26
6
POLYGON 4
4
24
25
5
POLYGON 4
3
23
24
4
POLYGON 4
2
22
23
3
POLYGON 4
1
21
22
2
POLYGON 4
0
20
21
1
POLYGON 4
18
39
20
0
POLYGON 20
20
39
38
37
36
35
34
33
32
31
30
29
28
27
26
25
24
23
22
21
POLYGON 4
60
58
59
61
POLYGON 4
58
56
57
59
POLYGON 4
56
54
55
57
POLYGON 4
54
52
53
55
POLYGON 4
52
50
51
53
POLYGON 4
50
48
49
51
POLYGON 4
48
46
47
49
POLYGON 4
46
44
45
47
POLYGON 4
44
42
43
45
POLYGON 4
42
40
41
43
POLYGON 20
40
42
44
46
48
50
52
54
56
58
60
62
63
64
65
66
67
68
69
70
POLYGON 4
90
105
106
89
POLYGON 4
88
89
106
107
POLYGON 4
87
104
105
90
POLYGON 4
86
103
104
87
POLYGON 4
85
102
103
86
POLYGON 4
101
102
85
84
POLYGON 4
101
84
83
100
POLYGON 4
99
100
83
82
POLYGON 4
81
98
99
82
POLYGON 4
80
97
98
81
POLYGON 4
79
96
97
80
POLYGON 4
78
95
96
79
POLYGON 4
77
94
95
78
POLYGON 4
76
93
94
77
POLYGON 4
75
92
93
76
POLYGON 4
74
91
92
75
POLYGON 4
73
110
91
74
POLYGON 4
73
110
91
74
POLYGON 4
72
109
110
73
POLYGON 4
71
108
109
72
POLYGON 4
88
107
108
71
POLYGON 20
91
110
109
108
107
106
105
104
103
102
101
100
99
98
97
96
95
94
93
92
POLYGON 4
111
140
141
112
POLYGON 4
140
138
139
141
POLYGON 4
138
136
137
139
POLYGON 4
136
134
135
137
POLYGON 4
134
132
133
135
POLYGON 4
132
130
131
133
POLYGON 4
130
128
129
131
POLYGON 4
128
126
127
129
POLYGON 4
126
124
125
127
POLYGON 4
124
122
123
125
POLYGON 20
111
113
114
115
116
117
118
119
120
121
122
124
126
128
130
132
134
136
138
140
POLYGON 4
149
146
147
148
POLYGON 4
147
145
144
148
POLYGON 4
149
143
142
146
POLYGON 4
153
152
151
150
POLYGON 4
161
158
159
160
POLYGON 4
157
154
155
156
POLYGON 4
158
161
157
156
POLYGON 4
159
158
156
155
POLYGON 4
160
159
155
154
POLYGON 4
161
160
154
157
PART_DATA_NULL
PART_NULL
#
PART
PART_NAME J3pk
PART_PARENT J2
PART_TRANSLATE 625.000000 0.000000 0.000000
PART_ROTATE 0.000000 0.000000 0.000000
PART_TXYZ 0
RENDER_MODE 1
MATERIAL_AMBIENT 0.686275 0.588235 0.098039 1.000000
MATERIAL_DIFFUSE 0.705882 0.470588 0.098039 1.000000
MATERIAL_SPECULAR 0.725490 0.098039 0.098039 1.000000
MATERIAL_EMISSION 0.019608 0.019608 0.000000 1.000000
MATERIAL_WIREFRAME 0.823529 0.686275 0.098039 1.000000
MATERIAL_SHININESS 25.000000
PART_DATA
VERTEX 114.123650 -37.084160 74.000008
VERTEX 114.123650 -37.084160 174.000000
VERTEX 97.078285 -70.536026 74.000008
VERTEX 97.078278 -70.536026 174.000000
VERTEX 70.529976 -97.083351 74.000000
VERTEX 70.529976 -97.083351 174.000000
VERTEX 37.077473 -114.127472 74.000000
VERTEX 37.077469 -114.127472 174.000000
VERTEX -0.004671 -120.000000 74.000000
VERTEX -0.004675 -120.000000 174.000000
VERTEX -37.086609 -114.126099 74.000000
VERTEX -37.086613 -114.126099 174.000000
VERTEX -70.538475 -97.080742 74.000000
VERTEX -70.538475 -97.080742 174.000000
VERTEX -97.085800 -70.532425 73.999992
VERTEX -97.085808 -70.532425 174.000000
VERTEX -114.129913 -37.079933 73.999992
VERTEX -114.129913 -37.079933 174.000000
VERTEX -120.002449 0.002238 73.999992
VERTEX -120.002449 0.002238 174.000000
VERTEX -114.128548 37.084152 73.999992
VERTEX -114.128548 37.084152 174.000000
VERTEX -97.083176 70.536041 73.999992
VERTEX -97.083176 70.536041 174.000000
VERTEX -70.534859 97.083359 74.000000
VERTEX -70.534866 97.083359 174.000000
VERTEX -37.082390 114.127464 74.000000
VERTEX -37.082394 114.127464 174.000000
VERTEX -0.000225 120.000000 74.000000
VERTEX -0.000230 120.000000 174.000000
VERTEX 37.081718 114.126091 74.000000
VERTEX 37.081715 114.126091 174.000000
VERTEX 70.533562 97.080750 74.000000
VERTEX 70.533554 97.080750 174.000000
VERTEX 97.080887 70.532440 74.000008
VERTEX 97.080887 70.532440 174.000000
VERTEX 114.125023 37.079918 74.000008
VERTEX 114.125023 37.079918 174.000000
VERTEX 119.997551 -0.002238 74.000008
VERTEX 119.997551 -0.002238 174.000000
VERTEX 129.994873 -145.002411 -17.999994
VERTEX 2.994870 -145.000061 -18.000000
VERTEX 3.000001 131.999939 -18.000000
VERTEX 130.000000 131.997589 -17.999994
VERTEX -130.002777 -17.997593 -145.000000
VERTEX -3.002776 -17.999945 -145.000000
VERTEX -3.002786 -17.999945 172.573959
VERTEX -34.044460 -17.999369 170.450638
VERTEX -67.451988 -17.998751 163.508484
VERTEX -99.603058 -17.998156 152.081985
VERTEX -129.898758 -17.997595 136.384003
VERTEX -130.002777 -17.997593 136.310577
VERTEX 2.996447 -60.000057 -145.000000
VERTEX 2.994869 -144.979645 -50.620605
VERTEX -3.005127 -144.979523 -50.620605
VERTEX -3.003547 -59.999943 -145.000000
VERTEX 2.994869 -145.000061 -50.638992
VERTEX -3.005125 -144.999939 -50.638985
VERTEX -130.001404 56.002407 -145.000000
VERTEX -130.000000 132.002411 -69.000008
VERTEX 3.000000 131.999939 -69.000000
VERTEX 2.998596 55.999943 -145.000000
VERTEX 2.999992 131.999939 172.573959
VERTEX 34.041687 131.999374 170.450638
VERTEX 67.449211 131.998749 163.508469
VERTEX 99.600281 131.998154 152.081985
VERTEX 129.895996 131.997589 136.384003
VERTEX 130.000000 131.997589 136.310577
VERTEX 2.997232 -18.000055 -145.000000
VERTEX -130.000000 132.002411 136.310577
VERTEX -129.895981 132.002411 136.384003
VERTEX -99.600281 132.001846 152.081985
VERTEX -67.449211 132.001251 163.508484
VERTEX -34.041683 132.000626 170.450638
VERTEX 0.000000 132.000000 172.779160
VERTEX -3.003664 -65.426003 172.573959
VERTEX -0.003660 -65.220856 172.779160
VERTEX 34.037888 -67.549980 170.450653
VERTEX 67.445442 -74.492813 163.508453
VERTEX 99.596214 -85.919876 152.082001
VERTEX 129.891663 -101.618431 136.384003
VERTEX 129.995667 -101.691864 136.310577
VERTEX 129.994873 -145.002411 93.000015
VERTEX -3.005125 -144.999939 93.000000
VERTEX -0.002786 -18.000000 172.779160
VERTEX 2.995542 -108.758583 -18.000000
VERTEX -3.002782 -17.999945 63.712322
VERTEX 2.994866 -145.000061 93.000000
VERTEX -130.002777 -17.997593 -145.000000
VERTEX -130.002777 -17.997593 136.310577
VERTEX -129.898758 -17.997595 136.384003
VERTEX -99.603058 -17.998156 152.081985
VERTEX -67.451988 -17.998751 163.508484
VERTEX -34.044460 -17.999369 170.450638
VERTEX -3.002786 -17.999945 172.573959
VERTEX -3.002776 -17.999945 -145.000000
VERTEX -122.338570 -59.997734 -145.000000
VERTEX -127.562958 -42.774097 -145.000000
VERTEX -3.003556 -59.999943 -145.000000
VERTEX -3.005137 -144.979523 -50.620613
VERTEX -3.005137 -144.999939 -50.638977
VERTEX -3.212307 -144.979523 -50.620605
VERTEX -27.781572 -142.559204 -53.308144
VERTEX -51.605724 -135.331741 -61.334560
VERTEX -73.562187 -123.595238 -74.368828
VERTEX -92.807030 -107.800819 -91.909927
VERTEX -108.600723 -88.555405 -113.283791
VERTEX -120.336365 -66.598572 -137.669083
VERTEX -3.003664 -65.425987 172.573959
VERTEX -3.005095 -144.999939 93.000000
VERTEX -27.781572 -142.559174 95.440315
VERTEX -51.605862 -135.331650 102.667389
VERTEX -73.562073 -123.595329 114.403297
VERTEX -92.807137 -107.800728 130.197540
VERTEX -107.436386 -89.974251 148.023758
VERTEX -99.604202 -85.916122 152.082031
VERTEX -67.453072 -74.490280 163.508469
VERTEX -34.045357 -67.548729 170.450638
VERTEX -129.898788 -19.053732 136.384003
VERTEX -27.781574 -142.559204 -48.441738
VERTEX -3.005137 -144.999939 -50.597954
VERTEX -108.600723 -88.555420 147.420441
VERTEX -120.336372 -66.598587 141.339294
VERTEX -127.562973 -42.774082 137.594543
VERTEX 130.000000 131.997589 -17.999990
VERTEX 3.000001 131.999939 -18.000000
VERTEX 2.994870 -145.000061 -18.000000
VERTEX 129.994873 -145.002411 -17.999990
VERTEX 2.994872 -145.000061 -50.638985
VERTEX 125.169540 -145.002319 -50.638973
VERTEX 127.554604 -145.002365 -42.776470
VERTEX 125.175110 -144.981903 -50.620602
VERTEX 2.994872 -144.979645 -50.620605
VERTEX 120.327843 -130.593201 -66.600784
VERTEX 2.996450 -60.000057 -145.000000
VERTEX 27.772882 -62.197765 -142.559723
VERTEX 51.597084 -68.705437 -135.332703
VERTEX 73.553513 -79.273048 -123.596634
VERTEX 92.798393 -93.494453 -107.802551
VERTEX 108.592148 -110.823151 -88.557411
VERTEX 2.998599 55.999943 -145.000000
VERTEX 27.775072 58.439754 -142.559723
VERTEX 51.599586 65.666351 -135.332687
VERTEX 73.556404 77.402000 -123.596634
VERTEX 92.801872 93.195747 -107.802528
VERTEX 108.596275 112.440567 -88.557419
VERTEX 119.050301 131.997787 -68.999992
VERTEX 3.000000 131.999939 -69.000000
VERTEX 127.554764 -136.270157 -42.776470
VERTEX 120.332703 131.997772 -66.600784
VERTEX 127.559731 131.997635 -42.776470
VERTEX 2.994872 -145.000061 -50.597946
VERTEX -15.663143 132.000000 -118.973381
VERTEX -15.663143 32.000000 -118.973381
VERTEX -31.058287 132.000000 -115.911102
VERTEX -31.058287 32.000000 -115.911102
VERTEX -45.922012 132.000000 -110.865547
VERTEX -45.922012 32.000000 -110.865547
VERTEX -60.000000 132.000000 -103.923050
VERTEX -60.000000 32.000000 -103.923050
VERTEX -73.051369 132.000000 -95.202400
VERTEX -73.051369 32.000000 -95.202400
VERTEX -84.852814 132.000000 -84.852814
VERTEX -84.852814 32.000000 -84.852814
VERTEX -95.202400 132.000000 -73.051369
VERTEX -95.202400 32.000000 -73.051369
VERTEX -103.923050 132.000000 -59.999996
VERTEX -103.923050 32.000000 -59.999996
VERTEX -110.865547 132.000000 -45.922012
VERTEX -115.911095 132.000000 -31.058289
VERTEX -118.973381 132.000000 -15.663149
VERTEX -120.000000 132.000000 0.000000
VERTEX -118.973381 132.000000 15.663145
VERTEX -115.911102 132.000000 31.058285
VERTEX -110.865547 132.000000 45.922009
VERTEX -103.923042 132.000000 60.000008
VERTEX -95.202400 132.000000 73.051376
VERTEX -84.852814 132.000000 84.852814
VERTEX -73.051376 132.000000 95.202400
VERTEX -60.000004 132.000000 103.923042
VERTEX -45.922020 132.000000 110.865540
VERTEX -31.058296 132.000000 115.911095
VERTEX -15.663130 132.000000 118.973389
VERTEX 0.000000 132.000000 120.000000
VERTEX 15.663151 132.000000 118.973381
VERTEX 31.058289 132.000000 115.911095
VERTEX 45.922012 132.000000 110.865547
VERTEX 60.000000 132.000000 103.923050
VERTEX 73.051369 132.000000 95.202400
VERTEX 84.852806 132.000000 84.852821
VERTEX 95.202393 132.000000 73.051384
VERTEX 103.923058 132.000000 59.999989
VERTEX 110.865540 132.000000 45.922028
VERTEX 115.911102 132.000000 31.058277
VERTEX 118.973381 132.000000 15.663167
VERTEX 120.000000 132.000000 0.000000
VERTEX 118.973381 132.000000 -15.663170
VERTEX 115.911102 132.000000 -31.058281
VERTEX 110.865540 132.000000 -45.922031
VERTEX 103.923058 132.000000 -59.999989
VERTEX 103.923058 32.000000 -59.999989
VERTEX 95.202393 132.000000 -73.051384
VERTEX 95.202393 32.000000 -73.051384
VERTEX 84.852829 132.000000 -84.852798
VERTEX 84.852829 32.000000 -84.852798
VERTEX 73.051369 132.000000 -95.202408
VERTEX 73.051369 32.000000 -95.202408
VERTEX 60.000019 132.000000 -103.923035
VERTEX 60.000019 32.000000 -103.923035
VERTEX 45.922009 132.000000 -110.865547
VERTEX 45.922009 32.000000 -110.865547
VERTEX 31.058260 132.000000 -115.911110
VERTEX 31.058260 32.000000 -115.911110
VERTEX 15.663148 132.000000 -118.973381
VERTEX 15.663148 32.000000 -118.973381
VERTEX 0.000000 132.000000 -120.000000
VERTEX 0.000000 32.000000 -120.000000
POLYGON 4
37
39
38
36
POLYGON 4
35
37
36
34
POLYGON 4
33
35
34
32
POLYGON 4
31
33
32
30
POLYGON 4
29
31
30
28
POLYGON 4
27
29
28
26
POLYGON 4
25
27
26
24
POLYGON 4
23
25
24
22
POLYGON 4
21
23
22
20
POLYGON 4
19
21
20
18
POLYGON 4
17
19
18
16
POLYGON 4
15
17
16
14
POLYGON 4
13
15
14
12
POLYGON 4
11
13
12
10
POLYGON 4
9
11
10
8
POLYGON 4
7
9
8
6
POLYGON 4
5
7
6
4
POLYGON 4
3
5
4
2
POLYGON 4
1
3
2
0
POLYGON 4
39
1
0
38
POLYGON 20
39
37
35
33
31
29
27
25
23
21
19
17
15
13
11
9
7
5
3
1
POLYGON 3
56
85
41
POLYGON 4
78
64
63
77
POLYGON 4
77
63
74
76
POLYGON 4
75
76
84
46
POLYGON 4
83
57
56
87
POLYGON 4
79
65
64
78
POLYGON 4
87
41
40
82
POLYGON 4
81
67
66
80
POLYGON 4
80
66
65
79
POLYGON 4
86
45
55
54
POLYGON 4
48
72
71
49
POLYGON 4
47
73
72
48
POLYGON 4
49
71
70
50
POLYGON 4
50
70
69
51
POLYGON 4
84
74
73
47
POLYGON 4
61
68
44
58
POLYGON 4
55
45
68
52
POLYGON 4
58
59
60
61
POLYGON 4
53
56
57
54
POLYGON 4
52
53
54
55
POLYGON 4
40
41
42
43
POLYGON 5
57
83
75
46
86
POLYGON 5
40
43
67
81
82
POLYGON 6
42
85
53
52
61
60
POLYGON 5
51
69
59
58
44
POLYGON 9
75
83
82
81
80
79
78
77
76
POLYGON 9
60
59
69
70
71
72
73
74
62
POLYGON 8
42
62
63
64
65
66
67
43
POLYGON 8
44
45
46
47
48
49
50
51
POLYGON 3
99
120
100
POLYGON 3
101
119
102
POLYGON 3
118
90
89
POLYGON 3
99
100
101
POLYGON 4
119
100
109
110
POLYGON 4
104
112
113
105
POLYGON 4
103
111
112
104
POLYGON 4
102
110
111
103
POLYGON 4
108
94
93
117
POLYGON 4
117
93
92
116
POLYGON 4
116
92
91
115
POLYGON 4
106
121
122
107
POLYGON 6
120
98
95
94
108
109
POLYGON 5
105
113
114
121
106
POLYGON 8
123
122
121
114
115
91
90
118
POLYGON 5
97
96
107
122
123
POLYGON 5
97
123
118
89
88
POLYGON 10
108
117
116
115
114
113
112
111
110
109
POLYGON 10
98
99
101
102
103
104
105
106
107
96
POLYGON 5
96
97
88
95
98
POLYGON 8
88
89
90
91
92
93
94
95
POLYGON 3
132
128
151
POLYGON 3
148
130
129
POLYGON 4
138
144
145
139
POLYGON 4
137
143
144
138
POLYGON 4
136
142
143
137
POLYGON 4
135
141
142
136
POLYGON 4
140
141
135
134
POLYGON 4
150
124
127
130
POLYGON 4
131
129
128
132
POLYGON 4
124
125
126
127
POLYGON 6
125
147
140
134
151
126
POLYGON 5
149
133
139
145
146
POLYGON 6
124
150
149
146
147
125
POLYGON 5
133
149
150
148
131
POLYGON 8
140
147
146
145
144
143
142
141
POLYGON 9
133
131
132
134
135
136
137
138
139
POLYGON 5
127
126
128
129
130
POLYGON 4
216
153
152
215
POLYGON 4
153
155
154
152
POLYGON 4
155
157
156
154
POLYGON 4
157
159
158
156
POLYGON 4
159
161
160
158
POLYGON 4
161
163
162
160
POLYGON 4
163
165
164
162
POLYGON 4
165
167
166
164
POLYGON 4
200
202
201
199
POLYGON 4
202
204
203
201
POLYGON 4
204
206
205
203
POLYGON 4
206
208
207
205
POLYGON 4
208
210
209
207
POLYGON 4
210
212
211
209
POLYGON 4
212
214
213
211
POLYGON 4
214
216
215
213
POLYGON 48
215
152
154
156
158
160
162
164
166
168
169
170
171
172
173
174
175
176
177
178
179
180
181
182
183
184
185
186
187
188
189
190
191
192
193
194
195
196
197
198
199
201
203
205
207
209
211
213
PART_DATA_NULL
PART_NULL
#
PART
PART_NAME J4pk
PART_PARENT J3pk
PART_TRANSLATE 0.000000 0.000000 625.000000
PART_ROTATE -90.000000 0.000000 0.000000
PART_TXYZ 6
RENDER_MODE 1
MATERIAL_AMBIENT 0.686275 0.588235 0.098039 1.000000
MATERIAL_DIFFUSE 0.705882 0.470588 0.098039 1.000000
MATERIAL_SPECULAR 0.725490 0.098039 0.098039 1.000000
MATERIAL_EMISSION 0.019608 0.019608 0.000000 1.000000
MATERIAL_WIREFRAME 0.823529 0.686275 0.098039 1.000000
MATERIAL_SHININESS 25.000000
PART_DATA
VERTEX -66.500000 -28.000048 0.000000
VERTEX -66.500000 -68.000046 0.000000
VERTEX -61.437988 -28.000050 25.448425
VERTEX -61.437988 -68.000046 25.448425
VERTEX -47.022598 -28.000051 47.022583
VERTEX -47.022598 -68.000053 47.022583
VERTEX -25.448448 -28.000051 61.437988
VERTEX -25.448448 -68.000053 61.437988
VERTEX 0.000000 -28.000051 66.500000
VERTEX 0.000000 -68.000053 66.500000
VERTEX 25.448446 -28.000051 61.437988
VERTEX 25.448446 -68.000053 61.437988
VERTEX 47.022602 -28.000051 47.022583
VERTEX 47.022602 -68.000053 47.022583
VERTEX 61.437988 -28.000050 25.448425
VERTEX 61.437988 -68.000046 25.448425
VERTEX 66.500000 -28.000048 0.000000
VERTEX 66.500000 -68.000046 0.000000
VERTEX 61.437988 -28.000046 -25.448425
VERTEX 61.437988 -68.000046 -25.448425
VERTEX 47.022606 -28.000044 -47.022583
VERTEX 47.022606 -68.000046 -47.022583
VERTEX 25.448458 -28.000042 -61.437988
VERTEX 25.448458 -68.000046 -61.437988
VERTEX 0.000000 -28.000042 -66.500000
VERTEX 0.000000 -68.000046 -66.500000
VERTEX -25.448460 -28.000042 -61.437988
VERTEX -25.448460 -68.000046 -61.437988
VERTEX -47.022594 -28.000044 -47.022583
VERTEX -47.022594 -68.000046 -47.022583
VERTEX -61.437988 -28.000046 -25.448425
VERTEX -61.437988 -68.000046 -25.448425
VERTEX -66.500000 27.999952 0.000000
VERTEX -66.500000 67.999954 0.000000
VERTEX -61.437988 27.999954 -25.448425
VERTEX -61.437988 67.999954 -25.448425
VERTEX -47.022594 27.999956 -47.022583
VERTEX -47.022594 67.999954 -47.022583
VERTEX -25.448460 27.999958 -61.437988
VERTEX -25.448460 67.999954 -61.437988
VERTEX 0.000000 27.999958 -66.500000
VERTEX 0.000000 67.999954 -66.500000
VERTEX 25.448458 27.999958 -61.437988
VERTEX 25.448458 67.999954 -61.437988
VERTEX 47.022606 27.999956 -47.022583
VERTEX 47.022606 67.999954 -47.022583
VERTEX 61.437988 27.999954 -25.448425
VERTEX 61.437988 67.999954 -25.448425
VERTEX 66.500000 27.999952 0.000000
VERTEX 66.500000 67.999954 0.000000
VERTEX 61.437988 27.999950 25.448425
VERTEX 61.437988 67.999954 25.448425
VERTEX 47.022602 27.999949 47.022583
VERTEX 47.022602 67.999947 47.022583
VERTEX 25.448446 27.999949 61.437988
VERTEX 25.448446 67.999947 61.437988
VERTEX 0.000000 27.999949 66.500000
VERTEX 0.000000 67.999947 66.500000
VERTEX -25.448448 27.999949 61.437988
VERTEX -25.448448 67.999947 61.437988
VERTEX -47.022598 27.999949 47.022583
VERTEX -47.022598 67.999947 47.022583
VERTEX -61.437988 27.999950 25.448425
VERTEX -61.437988 67.999954 25.448425
VERTEX 66.500000 27.999952 0.000000
VERTEX 61.437988 27.999954 -25.448425
VERTEX 92.586929 27.999954 -23.277222
VERTEX 66.500000 65.999954 0.000000
VERTEX 92.586929 65.971451 -23.277222
VERTEX 61.437988 65.999954 -25.448425
VERTEX 66.500000 -28.000048 0.000000
VERTEX 66.500000 -66.000046 0.000000
VERTEX 92.593452 -66.000046 -23.388977
VERTEX 92.586929 -28.000046 -23.277283
VERTEX 61.437988 -28.000046 -25.448425
VERTEX 61.437988 -66.000046 -25.448425
VERTEX -101.789871 -58.768433 -452.012817
VERTEX -93.112213 -71.447525 -449.159729
VERTEX -73.051376 91.533379 -447.000000
VERTEX -73.051376 -91.533409 -447.000000
VERTEX -82.898071 -82.898087 -447.000000
VERTEX -86.543320 -78.741478 -447.000000
VERTEX -101.789879 58.768402 -452.012817
VERTEX -93.112213 71.447487 -449.159729
VERTEX -82.898071 82.898056 -447.000000
VERTEX -86.543320 78.741447 -447.000000
VERTEX -108.716316 -45.031776 -454.290100
VERTEX -108.716316 45.031757 -454.290100
VERTEX -113.760323 -30.482000 -455.948486
VERTEX -116.825829 -15.380429 -456.956390
VERTEX -113.760315 30.481972 -455.948486
VERTEX -117.854240 0.000000 -457.294495
VERTEX -116.825829 15.380404 -456.956360
VERTEX -73.051369 95.202393 -493.000000
VERTEX -84.852814 84.852806 -493.000000
VERTEX -95.202400 73.051361 -493.000000
VERTEX -103.923050 59.999985 -493.000000
VERTEX -110.865547 45.922001 -493.000000
VERTEX -115.911095 31.058279 -493.000000
VERTEX -118.973381 15.663139 -493.000000
VERTEX -120.000000 0.000000 -493.000000
VERTEX -118.973381 -15.663155 -493.000000
VERTEX -115.911102 -31.058294 -493.000000
VERTEX -110.865547 -45.922020 -493.000000
VERTEX -103.923042 -60.000019 -493.000000
VERTEX -95.202400 -73.051384 -493.000000
VERTEX -84.852814 -84.852821 -493.000000
VERTEX -73.051376 -95.202408 -493.000000
VERTEX 95.202400 73.051323 -117.837524
VERTEX 84.852814 84.852760 -114.801300
VERTEX 15.663130 118.973381 -480.013519
VERTEX 31.058296 115.911079 -441.276276
VERTEX 45.922020 110.865517 -377.451263
VERTEX 60.000004 103.923012 -289.630432
VERTEX 73.051376 95.202354 -179.316498
VERTEX 79.021164 89.966988 -113.090485
VERTEX 98.156044 68.630882 -118.704041
VERTEX 103.923042 59.999966 -217.521545
VERTEX 110.865547 45.921978 -336.481262
VERTEX 115.911102 31.058266 -422.936798
VERTEX 118.973381 15.663133 -475.408905
VERTEX 118.973381 -15.663161 -475.408905
VERTEX 115.911095 -31.058308 -422.936676
VERTEX 110.865547 -45.922043 -336.481262
VERTEX 98.156044 -68.630989 -118.704041
VERTEX 103.923050 -60.000038 -217.521667
VERTEX 0.000000 88.134354 -89.908142
VERTEX 60.000000 -103.923080 -289.630554
VERTEX 45.922012 -110.865570 -377.451385
VERTEX 31.058287 -115.911118 -441.276398
VERTEX 15.663143 -118.973389 -480.013489
VERTEX 0.000000 -88.134460 -89.908203
VERTEX 95.202400 -73.051422 -117.837524
VERTEX 84.852814 -84.852867 -114.801270
VERTEX 73.051369 -95.202446 -179.316498
VERTEX 79.021156 -89.967094 -113.090454
VERTEX 0.000000 -120.000008 -493.000000
VERTEX 15.663143 -118.973389 -493.000000
VERTEX 31.058287 -115.911110 -493.000000
VERTEX 45.922012 -110.865555 -493.000000
VERTEX 60.000000 -103.923058 -493.000000
VERTEX 73.051369 -95.202408 -493.000000
VERTEX 84.852814 -84.852821 -493.000000
VERTEX 95.202400 -73.051376 -493.000000
VERTEX 103.923050 -60.000008 -493.000000
VERTEX 110.865547 -45.922024 -493.000000
VERTEX 115.911095 -31.058298 -493.000000
VERTEX 118.973381 -15.663158 -493.000000
VERTEX 120.000000 0.000000 -493.000000
VERTEX 118.973381 15.663136 -493.000000
VERTEX 115.911102 31.058275 -493.000000
VERTEX 110.865547 45.921997 -493.000000
VERTEX 103.923042 59.999996 -493.000000
VERTEX 95.202400 73.051369 -493.000000
VERTEX 84.852814 84.852806 -493.000000
VERTEX 73.051376 95.202393 -493.000000
VERTEX 60.000004 103.923035 -493.000000
VERTEX 45.922020 110.865532 -493.000000
VERTEX 31.058296 115.911087 -493.000000
VERTEX 15.663130 118.973381 -493.000000
VERTEX 0.000000 119.999992 -493.000000
VERTEX -64.382408 83.904747 -256.040863
VERTEX -48.759674 84.454178 -118.921936
VERTEX -43.983814 84.006676 -77.004700
VERTEX -64.382408 -83.904823 -256.040924
VERTEX -80.970047 -80.970070 -401.628723
VERTEX -80.970047 80.970024 -401.628723
VERTEX -48.759678 -84.454285 -118.921967
VERTEX -43.983814 -84.006775 -77.004761
VERTEX -15.249543 -115.831902 -440.274323
VERTEX -28.030422 -104.610954 -298.331970
VERTEX -36.994663 -89.313065 -104.817200
VERTEX -37.636127 -87.261627 -78.866943
VERTEX -37.636124 87.261520 -78.866943
VERTEX -36.994659 89.312958 -104.817139
VERTEX -28.030416 104.610909 -298.332153
VERTEX -15.249554 115.831841 -440.273956
VERTEX 0.000000 88.134354 -89.908142
VERTEX 0.000000 -88.134460 -89.908203
VERTEX 0.000000 119.999992 -493.000000
VERTEX -15.663143 118.973373 -493.000000
VERTEX -31.058287 115.911095 -493.000000
VERTEX -45.922012 110.865540 -493.000000
VERTEX -60.000000 103.923042 -493.000000
VERTEX -73.051369 95.202393 -493.000000
VERTEX -84.852814 84.852806 -493.000000
VERTEX -91.380486 77.409416 -493.000000
VERTEX -91.380486 -77.409439 -493.000000
VERTEX -84.852814 -84.852821 -493.000000
VERTEX -73.051376 -95.202408 -493.000000
VERTEX -60.000004 -103.923050 -493.000000
VERTEX -45.922020 -110.865547 -493.000000
VERTEX -31.058296 -115.911102 -493.000000
VERTEX -15.663130 -118.973396 -493.000000
VERTEX 0.000000 -120.000008 -493.000000
VERTEX 63.261768 -66.000046 -17.417297
VERTEX 38.669292 -66.000038 -101.245422
VERTEX 38.669292 -88.929230 -101.245422
VERTEX 63.260590 65.999954 -17.421387
VERTEX 38.669296 88.929146 -101.245422
VERTEX 38.669292 65.999962 -101.245422
VERTEX 0.001917 65.999962 -89.901611
VERTEX 12.587857 -28.000044 -47.000000
VERTEX 25.335390 64.410378 -3.547729
VERTEX 25.335434 27.999952 -3.547791
VERTEX 92.586929 27.999954 -23.277222
VERTEX 92.586929 65.971451 -23.277222
VERTEX 25.335400 -28.000048 -3.547791
VERTEX 25.335390 -64.410477 -3.547791
VERTEX 92.586929 -65.971550 -23.277283
VERTEX 92.586929 -28.000046 -23.277283
VERTEX 0.001917 -66.000038 -89.901672
VERTEX 0.001915 88.031593 -89.901611
VERTEX 0.000000 88.033379 -89.908142
VERTEX 0.000000 -66.000031 -89.908203
VERTEX 0.000000 -88.033470 -89.908203
VERTEX 0.001924 -88.031662 -89.901672
VERTEX 12.587900 27.999956 -47.000000
VERTEX 93.971390 27.999956 -47.000000
VERTEX 93.971390 -28.000044 -47.000000
VERTEX 23.630589 65.999954 -9.358887
VERTEX 23.630569 -66.000046 -9.358887
VERTEX 63.260582 -66.000046 -17.421387
VERTEX 98.151123 -68.671211 -118.619781
VERTEX 94.814140 -69.246956 -61.440552
VERTEX 93.573769 -69.285522 -61.076660
VERTEX 78.372581 -69.285515 -112.892883
VERTEX 98.130730 -68.671211 -118.689301
VERTEX 42.823784 -89.129684 -102.867188
VERTEX 42.823784 -89.025658 -102.464233
VERTEX -0.107927 -88.134094 -90.276123
VERTEX 84.854813 -84.852837 -114.794586
VERTEX 84.852814 -84.852867 -114.801270
VERTEX 95.202400 -73.051422 -117.837524
VERTEX 95.204376 -73.051422 -117.830780
VERTEX 98.128769 -68.671799 -118.696045
VERTEX 98.155609 -68.634590 -118.696594
VERTEX 98.156044 -68.630974 -118.704041
VERTEX 42.823784 -89.025970 -102.465454
VERTEX 78.961700 -89.864456 -113.065735
VERTEX 79.135559 -89.868492 -113.116730
VERTEX 84.854286 -84.852867 -114.796265
VERTEX 95.204857 -73.051422 -117.829163
VERTEX 92.593452 -66.000046 -23.388977
VERTEX 93.756866 -75.681526 -61.130371
VERTEX 53.870785 -74.755196 -49.428284
VERTEX 94.814140 -75.705772 -61.440552
VERTEX 79.131546 -89.870285 -113.122833
VERTEX 78.915543 -89.966660 -113.452271
VERTEX 78.961700 89.864380 -113.065735
VERTEX 78.372581 69.285439 -112.892883
VERTEX 93.573769 69.285431 -61.076660
VERTEX 93.756859 75.681129 -61.130371
VERTEX 98.130730 68.671135 -118.689301
VERTEX 98.151131 68.671135 -118.619781
VERTEX 94.814140 69.246864 -61.440552
VERTEX 94.814140 75.705681 -61.440552
VERTEX 79.135551 89.868408 -113.116730
VERTEX 84.854767 84.852783 -114.794556
VERTEX 95.205589 73.049934 -117.831146
VERTEX 93.756844 -75.680641 -61.130371
VERTEX 95.206581 -73.048897 -117.831451
VERTEX 93.971390 -69.392357 -47.000000
VERTEX 93.971390 -72.022469 -47.000000
VERTEX 93.971390 72.022377 -47.000000
VERTEX -0.107939 88.134018 -90.276123
VERTEX 98.156044 47.465992 -118.704041
VERTEX 64.002762 65.307945 -14.891541
VERTEX 78.915535 89.966583 -113.452271
VERTEX 84.852814 84.852760 -114.801300
VERTEX 79.131508 89.870216 -113.122864
VERTEX 53.870789 74.755104 -49.428284
VERTEX 93.971390 69.392265 -47.000000
VERTEX 98.155602 68.634544 -118.696503
VERTEX 98.156044 68.630890 -118.704041
VERTEX 98.128769 68.671715 -118.696045
VERTEX 95.202400 73.051323 -117.837524
VERTEX 95.204376 73.051323 -117.830780
VERTEX 84.854431 84.852760 -114.795776
VERTEX -35.181377 -66.000038 -47.000000
VERTEX -35.181389 65.999947 -47.000000
VERTEX 0.000000 -88.033470 -89.908203
VERTEX 0.000000 88.033379 -89.908142
VERTEX -18.648396 27.999952 9.355652
VERTEX 25.335394 27.999952 -3.547729
VERTEX -18.648420 -28.000048 9.355652
VERTEX 25.335402 -28.000048 -3.547791
VERTEX 12.587872 27.999956 -47.000000
VERTEX -35.181355 27.999956 -47.000000
VERTEX -35.181408 -28.000044 -47.000000
VERTEX 12.587893 -28.000044 -47.000000
VERTEX -21.445667 -66.000038 -0.188354
VERTEX -43.981899 -66.000031 -76.998230
VERTEX -43.981899 84.006676 -76.998169
VERTEX -43.983814 84.006676 -77.004700
VERTEX -37.843971 87.154945 -78.805969
VERTEX -37.845715 87.153069 -78.798340
VERTEX -37.745544 87.261200 -79.237671
VERTEX -0.107942 88.134018 -90.276123
VERTEX 0.001914 88.031593 -89.901611
VERTEX -18.648422 63.389404 9.355713
VERTEX 25.335392 64.410370 -3.547729
VERTEX -43.981895 65.999954 -76.998169
VERTEX 0.001916 65.999962 -89.901611
VERTEX 23.630583 65.999954 -9.358887
VERTEX -21.448196 65.999947 -0.187866
VERTEX -37.844036 -87.155022 -78.805969
VERTEX -43.983814 -84.006775 -77.004761
VERTEX -43.981895 -84.006775 -76.998230
VERTEX -18.648422 -63.389515 9.355652
VERTEX 25.335392 -64.410477 -3.547791
VERTEX -21.448191 -66.000038 -0.187866
VERTEX 0.001919 -88.031677 -89.901672
VERTEX -0.107930 -88.134094 -90.276123
VERTEX -37.745628 -87.261276 -79.237671
VERTEX -37.845825 -87.153122 -78.798340
VERTEX 23.630589 -66.000046 -9.358948
VERTEX 23.607651 -66.000046 -9.354248
VERTEX 23.595045 -66.000046 -9.351685
VERTEX 0.001917 -66.000038 -89.901672
VERTEX 23.590429 -66.000046 -9.350769
POLYGON 4
0
30
31
1
POLYGON 4
30
28
29
31
POLYGON 4
28
26
27
29
POLYGON 4
26
24
25
27
POLYGON 4
24
22
23
25
POLYGON 4
22
20
21
23
POLYGON 4
20
18
19
21
POLYGON 4
18
16
17
19
POLYGON 4
16
14
15
17
POLYGON 4
14
12
13
15
POLYGON 4
12
10
11
13
POLYGON 4
10
8
9
11
POLYGON 4
8
6
7
9
POLYGON 4
6
4
5
7
POLYGON 4
4
2
3
5
POLYGON 4
2
0
1
3
POLYGON 16
0
2
4
6
8
10
12
14
16
18
20
22
24
26
28
30
POLYGON 4
32
62
63
33
POLYGON 4
62
60
61
63
POLYGON 4
60
58
59
61
POLYGON 4
58
56
57
59
POLYGON 4
56
54
55
57
POLYGON 4
54
52
53
55
POLYGON 4
52
50
51
53
POLYGON 4
50
48
49
51
POLYGON 4
48
46
47
49
POLYGON 4
46
44
45
47
POLYGON 4
44
42
43
45
POLYGON 4
42
40
41
43
POLYGON 4
40
38
39
41
POLYGON 4
38
36
37
39
POLYGON 4
36
34
35
37
POLYGON 4
34
32
33
35
POLYGON 16
32
34
36
38
40
42
44
46
48
50
52
54
56
58
60
62
POLYGON 3
64
65
66
POLYGON 3
67
68
69
POLYGON 4
67
64
66
68
POLYGON 3
70
73
74
POLYGON 3
72
71
75
POLYGON 4
70
71
72
73
POLYGON 4
78
93
94
84
POLYGON 4
79
80
106
107
POLYGON 4
86
103
104
76
POLYGON 4
76
104
105
77
POLYGON 4
82
96
97
87
POLYGON 4
83
95
96
82
POLYGON 4
88
102
103
86
POLYGON 4
87
97
98
90
POLYGON 4
89
101
102
88
POLYGON 4
91
100
101
89
POLYGON 4
90
98
99
92
POLYGON 4
92
99
100
91
POLYGON 13
85
83
82
87
90
92
91
89
88
86
76
77
81
POLYGON 5
81
77
105
106
80
POLYGON 6
81
80
79
78
84
85
POLYGON 5
85
84
94
95
83
POLYGON 15
107
106
105
104
103
102
101
100
99
98
97
96
95
94
93
POLYGON 3
136
137
130
POLYGON 3
121
147
148
POLYGON 3
110
159
160
POLYGON 3
148
149
120
POLYGON 4
133
142
143
132
POLYGON 4
108
153
154
109
POLYGON 4
127
140
141
134
POLYGON 4
128
139
140
127
POLYGON 4
129
138
139
128
POLYGON 4
130
137
138
129
POLYGON 4
125
144
145
123
POLYGON 4
123
145
146
122
POLYGON 4
122
146
147
121
POLYGON 4
111
158
159
110
POLYGON 4
112
157
158
111
POLYGON 4
113
156
157
112
POLYGON 4
114
155
156
113
POLYGON 4
120
149
150
119
POLYGON 4
119
150
151
118
POLYGON 4
118
151
152
117
POLYGON 25
160
159
158
157
156
155
154
153
152
151
150
149
148
147
146
145
144
143
142
141
140
139
138
137
136
POLYGON 5
135
134
141
142
133
POLYGON 8
135
131
136
130
129
128
127
134
POLYGON 5
132
143
144
125
124
POLYGON 11
123
122
121
148
120
119
118
117
116
124
125
POLYGON 8
126
115
114
113
112
111
110
160
POLYGON 5
109
154
155
114
115
POLYGON 5
116
117
152
153
108
POLYGON 10
131
135
133
132
124
116
108
109
115
126
POLYGON 3
187
188
165
POLYGON 3
166
185
186
POLYGON 3
169
193
194
POLYGON 3
179
180
176
POLYGON 4
164
189
190
167
POLYGON 4
165
188
189
164
POLYGON 4
162
183
184
161
POLYGON 4
161
184
185
166
POLYGON 4
171
191
192
170
POLYGON 4
170
192
193
169
POLYGON 4
175
181
182
174
POLYGON 4
176
180
181
175
POLYGON 16
194
193
192
191
190
189
188
187
186
185
184
183
182
181
180
179
POLYGON 6
177
179
176
175
174
173
POLYGON 6
178
172
171
170
169
194
POLYGON 6
168
167
190
191
171
172
POLYGON 10
166
186
187
165
164
167
168
163
162
161
POLYGON 6
173
174
182
183
162
163
POLYGON 6
172
178
177
173
163
168
POLYGON 3
195
196
197
POLYGON 3
198
199
200
POLYGON 3
236
223
227
POLYGON 3
238
239
229
POLYGON 3
240
241
231
POLYGON 3
231
234
242
POLYGON 3
253
254
273
POLYGON 3
266
274
273
POLYGON 4
207
208
209
210
POLYGON 4
211
212
213
214
POLYGON 4
211
214
215
216
POLYGON 4
205
204
217
218
POLYGON 4
202
207
210
219
POLYGON 4
219
218
217
202
POLYGON 4
220
198
200
201
POLYGON 4
221
211
196
222
POLYGON 4
228
229
216
230
POLYGON 4
231
232
233
234
POLYGON 4
227
234
233
235
POLYGON 4
236
227
235
237
POLYGON 4
208
221
243
209
POLYGON 4
197
239
244
245
POLYGON 4
246
243
222
245
POLYGON 4
247
232
241
240
POLYGON 4
238
228
248
240
POLYGON 4
249
252
251
250
POLYGON 4
252
256
255
251
POLYGON 4
226
225
260
239
POLYGON 4
246
244
225
224
POLYGON 4
211
216
197
196
POLYGON 4
199
212
201
200
POLYGON 4
224
262
263
246
POLYGON 4
219
210
209
263
POLYGON 4
257
258
269
270
POLYGON 4
255
256
264
272
POLYGON 4
253
273
274
275
POLYGON 4
253
275
276
277
POLYGON 4
205
218
264
206
POLYGON 4
199
271
252
249
POLYGON 4
220
203
267
198
POLYGON 4
257
268
265
212
POLYGON 4
256
271
267
206
POLYGON 4
203
204
205
206
POLYGON 5
223
224
225
226
227
POLYGON 5
253
250
251
255
254
POLYGON 6
250
253
259
258
257
249
POLYGON 6
240
231
261
227
226
239
POLYGON 6
262
223
237
273
254
272
POLYGON 5
276
269
278
258
277
POLYGON 3
317
319
316
POLYGON 4
292
279
280
302
POLYGON 4
320
319
317
318
POLYGON 4
284
301
300
283
POLYGON 4
310
286
285
309
POLYGON 4
282
299
312
281
POLYGON 4
293
294
307
308
POLYGON 4
290
287
288
289
POLYGON 4
296
295
294
293
POLYGON 4
299
298
297
296
POLYGON 4
301
304
305
300
POLYGON 4
305
304
303
302
POLYGON 4
315
308
307
306
POLYGON 4
311
316
310
309
POLYGON 4
315
314
313
312
POLYGON 5
289
279
311
309
285
POLYGON 5
305
280
288
283
300
POLYGON 5
292
308
315
312
319
POLYGON 5
299
296
293
302
303
POLYGON 5
311
292
319
320
291
PART_DATA_NULL
PART_NULL
#
PART
PART_NAME J5
PART_PARENT J4pk
PART_TRANSLATE 0.000000 0.000000 0.000000
PART_ROTATE 90.000000 0.000000 0.000000
PART_TXYZ 0
RENDER_MODE 1
MATERIAL_AMBIENT 0.388235 0.388235 0.388235 1.000000
MATERIAL_DIFFUSE 0.584314 0.584314 0.584314 1.000000
MATERIAL_SPECULAR 0.486275 0.486275 0.486275 1.000000
MATERIAL_EMISSION 0.098039 0.098039 0.098039 1.000000
MATERIAL_WIREFRAME 0.686275 0.686275 0.686275 1.000000
MATERIAL_SHININESS 25.000000
PART_DATA
VERTEX 16.697309 0.000000 25.999998
VERTEX 16.697309 75.000000 25.999998
VERTEX -16.697308 75.000000 25.999998
VERTEX -16.697308 0.000000 25.999998
VERTEX -29.102203 0.000000 12.054533
VERTEX -22.273867 0.000000 22.273861
VERTEX -22.273867 95.000000 22.273861
VERTEX -29.102203 95.000000 12.054533
VERTEX -31.500000 0.000000 0.000000
VERTEX -31.500000 95.000000 0.000000
VERTEX 29.102205 0.000000 12.054528
VERTEX 31.500000 0.000000 0.000000
VERTEX 31.500000 95.000000 0.000000
VERTEX 29.102205 95.000000 12.054528
VERTEX 22.273865 0.000000 22.273863
VERTEX 22.273865 95.000000 22.273863
VERTEX 0.000000 80.500000 31.500000
VERTEX 12.054526 78.102234 29.102205
VERTEX 12.054528 95.000000 29.102205
VERTEX 0.000000 95.000000 31.500000
VERTEX -12.054525 78.102234 29.102205
VERTEX -12.054527 95.000000 29.102205
VERTEX -22.273867 71.273804 22.273861
VERTEX 22.273865 78.726196 22.273863
VERTEX -29.102203 0.000000 -12.054532
VERTEX -22.273863 0.000000 -22.273865
VERTEX -16.697309 0.000000 -25.999998
VERTEX 16.697302 0.000000 -26.000002
VERTEX 22.273863 0.000000 -22.273863
VERTEX 29.102205 0.000000 -12.054527
VERTEX 12.054527 78.102173 -29.102205
VERTEX 0.000000 80.500000 -31.500000
VERTEX -12.054528 78.102173 -29.102203
VERTEX -16.697309 75.000000 -25.999998
VERTEX 16.697302 75.000000 -26.000002
VERTEX 29.102205 95.000000 -12.054527
VERTEX 22.273863 95.000000 -22.273863
VERTEX 12.054530 95.000000 -29.102205
VERTEX 0.000000 95.000000 -31.500000
VERTEX -12.054528 95.000000 -29.102205
VERTEX -22.273863 95.000000 -22.273865
VERTEX -29.102203 95.000000 -12.054532
VERTEX -22.273863 71.273865 -22.273865
VERTEX 22.273863 71.273926 -22.273863
VERTEX 35.000000 0.000000 -28.000000
VERTEX 35.000000 0.000000 28.000000
VERTEX 32.335785 -13.393920 -28.000000
VERTEX 32.335785 -13.393920 28.000000
VERTEX 24.748734 -24.748741 -28.000000
VERTEX 24.748734 -24.748741 28.000000
VERTEX 13.393926 -32.335781 -28.000000
VERTEX 13.393926 -32.335781 28.000000
VERTEX 0.000000 -35.000000 -28.000000
VERTEX 0.000000 -35.000000 28.000000
VERTEX -13.393925 -32.335781 -28.000000
VERTEX -13.393925 -32.335781 28.000000
VERTEX -24.748739 -24.748735 -28.000000
VERTEX -24.748739 -24.748735 28.000000
VERTEX -32.335785 -13.393921 -28.000000
VERTEX -32.335785 -13.393921 28.000000
VERTEX -35.000000 0.000000 -28.000000
VERTEX -35.000000 0.000000 28.000000
VERTEX -32.335781 13.393923 -28.000000
VERTEX -32.335781 13.393923 28.000000
VERTEX -24.748737 24.748737 -28.000000
VERTEX -24.748737 24.748737 28.000000
VERTEX -13.393919 32.335785 -28.000000
VERTEX -13.393919 32.335785 28.000000
VERTEX 0.000000 35.000000 -28.000000
VERTEX 0.000000 35.000000 28.000000
VERTEX 13.393920 32.335785 -28.000000
VERTEX 13.393920 32.335785 28.000000
VERTEX 24.748737 24.748737 -28.000000
VERTEX 24.748737 24.748737 28.000000
VERTEX 32.335785 13.393921 -28.000000
VERTEX 32.335785 13.393921 28.000000
POLYGON 4
43
30
37
36
POLYGON 4
42
40
39
32
POLYGON 4
34
43
28
27
POLYGON 4
42
33
26
25
POLYGON 4
30
31
38
37
POLYGON 4
31
32
39
38
POLYGON 4
11
29
35
12
POLYGON 4
29
28
36
35
POLYGON 4
25
24
41
40
POLYGON 4
24
8
9
41
POLYGON 4
27
26
33
34
POLYGON 4
0
14
23
1
POLYGON 4
20
21
6
22
POLYGON 4
22
5
3
2
POLYGON 4
20
16
19
21
POLYGON 4
16
17
18
19
POLYGON 4
14
10
13
15
POLYGON 4
10
11
12
13
POLYGON 4
8
4
7
9
POLYGON 4
4
5
6
7
POLYGON 4
0
1
2
3
POLYGON 5
20
2
1
17
16
POLYGON 16
19
18
15
13
12
35
36
37
38
39
40
41
9
7
6
21
POLYGON 5
30
34
33
32
31
POLYGON 5
18
17
1
23
15
POLYGON 4
46
44
45
47
POLYGON 4
48
46
47
49
POLYGON 4
50
48
49
51
POLYGON 4
52
50
51
53
POLYGON 4
54
52
53
55
POLYGON 4
56
54
55
57
POLYGON 4
58
56
57
59
POLYGON 4
60
58
59
61
POLYGON 4
62
60
61
63
POLYGON 4
64
62
63
65
POLYGON 4
66
64
65
67
POLYGON 4
68
66
67
69
POLYGON 4
70
68
69
71
POLYGON 4
72
70
71
73
POLYGON 4
74
72
73
75
POLYGON 4
44
74
75
45
POLYGON 16
45
75
73
71
69
67
65
63
61
59
57
55
53
51
49
47
POLYGON 16
44
46
48
50
52
54
56
58
60
62
64
66
68
70
72
74
PART_DATA_NULL
PART_NULL
#
PART
PART_NAME J6
PART_PARENT J5
PART_TRANSLATE 0.000000 0.000000 0.000000
PART_ROTATE -90.000000 0.000000 0.000000
PART_TXYZ 0
RENDER_MODE 1
MATERIAL_AMBIENT 0.584314 0.584314 0.584314 1.000000
MATERIAL_DIFFUSE 0.584314 0.584314 0.584314 1.000000
MATERIAL_SPECULAR 0.486275 0.486275 0.486275 1.000000
MATERIAL_EMISSION 0.098039 0.098039 0.098039 1.000000
MATERIAL_WIREFRAME 0.686275 0.686275 0.686275 1.000000
MATERIAL_SHININESS 25.000000
PART_DATA
VERTEX 31.500000 0.000000 110.000000
VERTEX 31.500000 0.000000 95.000000
VERTEX 29.102205 12.054528 110.000000
VERTEX 29.102205 12.054528 95.000000
VERTEX 22.273863 22.273865 110.000000
VERTEX 22.273863 22.273865 95.000000
VERTEX 12.054528 29.102205 110.000000
VERTEX 12.054528 29.102205 95.000000
VERTEX 0.000000 31.500000 110.000000
VERTEX 0.000000 31.500000 95.000000
VERTEX -12.054527 29.102205 110.000000
VERTEX -12.054527 29.102205 95.000000
VERTEX -22.273863 22.273863 110.000000
VERTEX -22.273863 22.273863 95.000000
VERTEX -29.102205 12.054530 110.000000
VERTEX -29.102205 12.054530 95.000000
VERTEX -31.500000 0.000000 110.000000
VERTEX -31.500000 0.000000 95.000000
VERTEX -29.102205 -12.054528 110.000000
VERTEX -29.102205 -12.054528 95.000000
VERTEX -22.273865 -22.273863 110.000000
VERTEX -22.273865 -22.273863 95.000000
VERTEX -12.054532 -29.102203 110.000000
VERTEX -12.054532 -29.102203 95.000000
VERTEX 0.000000 -31.500000 110.000000
VERTEX 0.000000 -31.500000 95.000000
VERTEX 12.054533 -29.102203 110.000000
VERTEX 12.054533 -29.102203 95.000000
VERTEX 22.273861 -22.273867 110.000000
VERTEX 22.273861 -22.273867 95.000000
VERTEX 29.102205 -12.054527 110.000000
VERTEX 29.102205 -12.054527 95.000000
POLYGON 4
0
30
31
1
POLYGON 4
30
28
29
31
POLYGON 4
28
26
27
29
POLYGON 4
26
24
25
27
POLYGON 4
24
22
23
25
POLYGON 4
22
20
21
23
POLYGON 4
20
18
19
21
POLYGON 4
18
16
17
19
POLYGON 4
16
14
15
17
POLYGON 4
14
12
13
15
POLYGON 4
12
10
11
13
POLYGON 4
10
8
9
11
POLYGON 4
8
6
7
9
POLYGON 4
6
4
5
7
POLYGON 4
4
2
3
5
POLYGON 4
2
0
1
3
POLYGON 16
0
2
4
6
8
10
12
14
16
18
20
22
24
26
28
30
POLYGON 16
1
31
29
27
25
23
21
19
17
15
13
11
9
7
5
3
PART_DATA_NULL
PART_NULL
#
PART
PART_NAME J4xpk
PART_PARENT J4pk
PART_TRANSLATE 0.000000 0.000000 0.000000
PART_ROTATE 0.000000 0.000000 0.000000
PART_TXYZ 0
RENDER_MODE 1
MATERIAL_AMBIENT 0.388235 0.388235 0.388235 1.000000
MATERIAL_DIFFUSE 0.584314 0.584314 0.584314 1.000000
MATERIAL_SPECULAR 0.486275 0.486275 0.486275 1.000000
MATERIAL_EMISSION 0.098039 0.098039 0.098039 1.000000
MATERIAL_WIREFRAME 0.686275 0.686275 0.686275 1.000000
MATERIAL_SHININESS 25.000000
PART_DATA
VERTEX -66.500000 67.999954 0.000000
VERTEX -61.437988 67.999954 -25.448425
VERTEX -47.022594 67.999954 -47.022583
VERTEX -25.448460 67.999954 -61.437988
VERTEX 0.000000 67.999954 -66.500000
VERTEX 25.448458 67.999954 -61.437988
VERTEX 47.022606 67.999954 -47.022583
VERTEX 61.437988 67.999954 -25.448425
VERTEX 66.500000 67.999954 0.000000
VERTEX 61.437988 67.999954 25.448425
VERTEX 47.022602 67.999947 47.022583
VERTEX 25.448446 67.999947 61.437988
VERTEX 0.000000 67.999947 66.500000
VERTEX -25.448448 67.999947 61.437988
VERTEX -47.022598 67.999947 47.022583
VERTEX -61.437988 67.999954 25.448425
VERTEX -66.500000 -68.000046 0.000000
VERTEX -61.437988 -68.000046 25.448425
VERTEX -47.022598 -68.000053 47.022583
VERTEX -25.448448 -68.000053 61.437988
VERTEX 0.000000 -68.000053 66.500000
VERTEX 25.448446 -68.000053 61.437988
VERTEX 47.022602 -68.000053 47.022583
VERTEX 61.437988 -68.000046 25.448425
VERTEX 66.500000 -68.000046 0.000000
VERTEX 61.437988 -68.000046 -25.448425
VERTEX 47.022606 -68.000046 -47.022583
VERTEX 25.448458 -68.000046 -61.437988
VERTEX 0.000000 -68.000046 -66.500000
VERTEX -25.448460 -68.000046 -61.437988
VERTEX -47.022594 -68.000046 -47.022583
VERTEX -61.437988 -68.000046 -25.448425
POLYGON 16
0
15
14
13
12
11
10
9
8
7
6
5
4
3
2
1
POLYGON 16
16
31
30
29
28
27
26
25
24
23
22
21
20
19
18
17
PART_DATA_NULL
PART_NULL
#
DEVICE
DEVICE_NAME toolChanger1
DEVICE_PARENT robot1 J6
DEVICE_VISIBLE 1
DEVICE_MASS 0.000
DEVICE_BAR_CODE 000000000000
DEVICE_SCALE 1.000000 1.000000 1.000000
DEVICE_NULL
#
PART
PART_NAME tool_mid_circ
PART_PARENT NONE
PART_TRANSLATE 0.000003 0.000000 110.000175
PART_ROTATE 0.000000 -0.000000 -179.999999
PART_TXYZ 0
RENDER_MODE 1
MATERIAL_AMBIENT 0.184314 0.184314 0.184314 1.000000
MATERIAL_DIFFUSE 0.384314 0.384314 0.384314 1.000000
MATERIAL_SPECULAR 0.286275 0.286275 0.486275 1.000000
MATERIAL_EMISSION 0.098039 0.098039 0.098039 1.000000
MATERIAL_WIREFRAME 0.686275 0.686275 0.686275 1.000000
MATERIAL_SHININESS 50.000000
PART_DATA
VERTEX 30.956249 0.000000 55.562500
VERTEX 30.956249 0.000000 65.087502
VERTEX 28.599846 -11.846443 55.562500
VERTEX 28.599846 -11.846443 65.087502
VERTEX 21.889370 -21.889378 55.562500
VERTEX 21.889370 -21.889378 65.087502
VERTEX 11.846449 -28.599844 55.562500
VERTEX 11.846449 -28.599844 65.087502
VERTEX 0.000000 -30.956249 55.562500
VERTEX 0.000000 -30.956249 65.087502
VERTEX -11.846448 -28.599844 55.562500
VERTEX -11.846448 -28.599844 65.087502
VERTEX -21.889376 -21.889372 55.562500
VERTEX -21.889376 -21.889372 65.087502
VERTEX -28.599846 -11.846444 55.562500
VERTEX -28.599846 -11.846444 65.087502
VERTEX -30.956249 0.000000 55.562500
VERTEX -30.956249 0.000000 65.087502
VERTEX -28.599844 11.846446 55.562500
VERTEX -28.599844 11.846446 65.087502
VERTEX -21.889374 21.889374 55.562500
VERTEX -21.889374 21.889374 65.087502
VERTEX -11.846443 28.599846 55.562500
VERTEX -11.846443 28.599846 65.087502
VERTEX 0.000000 30.956249 55.562500
VERTEX 0.000000 30.956249 65.087502
VERTEX 11.846443 28.599846 55.562500
VERTEX 11.846443 28.599846 65.087502
VERTEX 21.889374 21.889374 55.562500
VERTEX 21.889374 21.889374 65.087502
VERTEX 28.599846 11.846444 55.562500
VERTEX 28.599846 11.846444 65.087502
VERTEX 19.049999 0.000000 26.987499
VERTEX 19.049999 0.000000 55.562500
VERTEX 17.599905 -7.290119 26.987499
VERTEX 17.599905 -7.290119 55.562500
VERTEX 13.470382 -13.470386 26.987499
VERTEX 13.470382 -13.470386 55.562500
VERTEX 7.290122 -17.599903 26.987499
VERTEX 7.290122 -17.599903 55.562500
VERTEX 0.000000 -19.049999 26.987499
VERTEX 0.000000 -19.049999 55.562500
VERTEX -7.290122 -17.599903 26.987499
VERTEX -7.290122 -17.599903 55.562500
VERTEX -13.470385 -13.470383 26.987499
VERTEX -13.470385 -13.470383 55.562500
VERTEX -17.599905 -7.290119 26.987499
VERTEX -17.599905 -7.290119 55.562500
VERTEX -19.049999 0.000000 26.987499
VERTEX -19.049999 0.000000 55.562500
VERTEX -17.599903 7.290121 26.987499
VERTEX -17.599903 7.290121 55.562500
VERTEX -13.470384 13.470384 26.987499
VERTEX -13.470384 13.470384 55.562500
VERTEX -7.290119 17.599905 26.987499
VERTEX -7.290119 17.599905 55.562500
VERTEX 0.000000 19.049999 26.987499
VERTEX 0.000000 19.049999 55.562500
VERTEX 7.290119 17.599905 26.987499
VERTEX 7.290119 17.599905 55.562500
VERTEX 13.470384 13.470384 26.987499
VERTEX 13.470384 13.470384 55.562500
VERTEX 17.599905 7.290119 26.987499
VERTEX 17.599905 7.290119 55.562500
VERTEX 28.599846 11.846444 26.987499
VERTEX 28.599846 11.846444 0.000000
VERTEX 21.889374 21.889374 26.987499
VERTEX 21.889374 21.889374 0.000000
VERTEX 11.846443 28.599846 26.987499
VERTEX 11.846443 28.599846 0.000000
VERTEX 0.000000 30.956249 26.987499
VERTEX 0.000000 30.956249 0.000000
VERTEX -11.846443 28.599846 26.987499
VERTEX -11.846443 28.599846 0.000000
VERTEX -21.889374 21.889374 26.987499
VERTEX -21.889374 21.889374 0.000000
VERTEX -28.599844 11.846446 26.987499
VERTEX -28.599844 11.846446 0.000000
VERTEX -30.956249 0.000000 26.987499
VERTEX -30.956249 0.000000 0.000000
VERTEX -28.599846 -11.846444 26.987499
VERTEX -28.599846 -11.846444 0.000000
VERTEX -21.889376 -21.889372 26.987499
VERTEX -21.889376 -21.889372 0.000000
VERTEX -11.846448 -28.599844 26.987499
VERTEX -11.846448 -28.599844 0.000000
VERTEX 0.000000 -30.956249 26.987499
VERTEX 0.000000 -30.956249 0.000000
VERTEX 11.846449 -28.599844 26.987499
VERTEX 11.846449 -28.599844 0.000000
VERTEX 21.889370 -21.889378 26.987499
VERTEX 21.889370 -21.889378 0.000000
VERTEX 28.599846 -11.846443 26.987499
VERTEX 28.599846 -11.846443 0.000000
VERTEX 30.956249 0.000000 26.987499
VERTEX 30.956249 0.000000 0.000000
POLYGON 4
0
30
31
1
POLYGON 4
30
28
29
31
POLYGON 4
28
26
27
29
POLYGON 4
26
24
25
27
POLYGON 4
24
22
23
25
POLYGON 4
22
20
21
23
POLYGON 4
20
18
19
21
POLYGON 4
18
16
17
19
POLYGON 4
16
14
15
17
POLYGON 4
14
12
13
15
POLYGON 4
12
10
11
13
POLYGON 4
10
8
9
11
POLYGON 4
8
6
7
9
POLYGON 4
6
4
5
7
POLYGON 4
4
2
3
5
POLYGON 4
2
0
1
3
POLYGON 16
0
2
4
6
8
10
12
14
16
18
20
22
24
26
28
30
POLYGON 16
1
31
29
27
25
23
21
19
17
15
13
11
9
7
5
3
POLYGON 4
32
62
63
33
POLYGON 4
62
60
61
63
POLYGON 4
60
58
59
61
POLYGON 4
58
56
57
59
POLYGON 4
56
54
55
57
POLYGON 4
54
52
53
55
POLYGON 4
52
50
51
53
POLYGON 4
50
48
49
51
POLYGON 4
48
46
47
49
POLYGON 4
46
44
45
47
POLYGON 4
44
42
43
45
POLYGON 4
42
40
41
43
POLYGON 4
40
38
39
41
POLYGON 4
38
36
37
39
POLYGON 4
36
34
35
37
POLYGON 4
34
32
33
35
POLYGON 16
32
34
36
38
40
42
44
46
48
50
52
54
56
58
60
62
POLYGON 16
33
63
61
59
57
55
53
51
49
47
45
43
41
39
37
35
POLYGON 4
93
95
94
92
POLYGON 4
91
93
92
90
POLYGON 4
89
91
90
88
POLYGON 4
87
89
88
86
POLYGON 4
85
87
86
84
POLYGON 4
83
85
84
82
POLYGON 4
81
83
82
80
POLYGON 4
79
81
80
78
POLYGON 4
77
79
78
76
POLYGON 4
75
77
76
74
POLYGON 4
73
75
74
72
POLYGON 4
71
73
72
70
POLYGON 4
69
71
70
68
POLYGON 4
67
69
68
66
POLYGON 4
65
67
66
64
POLYGON 4
95
65
64
94
POLYGON 16
94
64
66
68
70
72
74
76
78
80
82
84
86
88
90
92
POLYGON 16
95
93
91
89
87
85
83
81
79
77
75
73
71
69
67
65
PART_DATA_NULL
PART_NULL
#
GRIPPER
GRIPPER_NAME gripper1
GRIPPER_PARENT toolChanger1 NONE
GRIPPER_VISIBLE 1
GRIPPER_MASS 0.000
GRIPPER_BAR_CODE 000000000000
GRIPPER_TYPE_TRANSLATING 1
GRIPPER_GRIPPING 1
GRIPPER_DISPLACEMENT_OPEN 15.000
GRIPPER_DISPLACEMENT_CLOSE 5.000
GRIPPER_NULL
#
PART
PART_NAME tool_grip_base
PART_PARENT NONE
PART_TRANSLATE 0.000003 -0.000009 0.000168
PART_ROTATE 0.000000 0.000000 -0.000000
PART_TXYZ 0
RENDER_MODE 1
MATERIAL_AMBIENT 0.184314 0.184314 0.184314 1.000000
MATERIAL_DIFFUSE 0.384314 0.384314 0.384314 1.000000
MATERIAL_SPECULAR 0.286275 0.286275 0.486275 1.000000
MATERIAL_EMISSION 0.098039 0.098039 0.098039 1.000000
MATERIAL_WIREFRAME 0.686275 0.686275 0.686275 1.000000
MATERIAL_SHININESS 50.000000
PART_DATA
VERTEX -22.225000 -22.225000 0.000000
VERTEX 22.225000 -22.225000 0.000000
VERTEX 22.225000 22.225000 0.000000
VERTEX -22.225000 22.225000 0.000000
VERTEX -22.225000 -22.225000 66.675003
VERTEX -22.225000 22.225000 66.675003
VERTEX 22.225000 22.225000 66.675003
VERTEX 22.225000 -22.225000 66.675003
VERTEX 37.521172 -6.616006 74.612503
VERTEX 37.521172 -6.616004 66.675003
VERTEX 37.521172 6.615995 66.675003
VERTEX 37.521172 6.615995 74.612503
VERTEX 37.329082 7.143753 74.612503
VERTEX 32.995567 19.049999 74.612503
VERTEX 32.995567 19.049999 95.250000
VERTEX 37.329082 7.143753 95.250000
VERTEX 32.995564 -19.050003 74.612503
VERTEX 37.329086 -7.143747 74.612503
VERTEX 37.329086 -7.143747 95.250000
VERTEX 32.995564 -19.050003 95.250000
VERTEX 32.995564 -19.050003 66.675003
VERTEX 32.995567 19.049999 66.675003
VERTEX -37.521172 -6.615995 66.675003
VERTEX -32.995567 -19.049999 66.675003
VERTEX -32.995567 -19.049999 95.250000
VERTEX -37.521172 -6.615995 95.250000
VERTEX 0.000000 -38.099998 66.675003
VERTEX 13.030966 -35.802288 66.675003
VERTEX 13.030966 -35.802288 95.250000
VERTEX 0.000000 -38.099998 95.250000
VERTEX 24.490204 -29.186293 66.675003
VERTEX 24.490204 -29.186293 95.250000
VERTEX -24.490210 -29.186289 74.612503
VERTEX -24.490208 -29.186291 66.675003
VERTEX -13.030963 -35.802288 66.675003
VERTEX -13.030961 -35.802288 74.612503
VERTEX -24.851213 -28.756062 74.612503
VERTEX -24.851213 -28.756062 66.675003
VERTEX -12.477877 -35.899811 74.612503
VERTEX 0.000000 -38.099998 74.612503
VERTEX -12.477877 -35.899811 95.250000
VERTEX -24.851213 -28.756062 95.250000
VERTEX 13.030965 35.802288 66.675003
VERTEX 0.000000 38.099998 66.675003
VERTEX 0.000000 38.099998 95.250000
VERTEX 13.030965 35.802288 95.250000
VERTEX 24.490208 29.186291 66.675003
VERTEX 24.490208 29.186291 95.250000
VERTEX -32.995567 19.049999 66.675003
VERTEX -37.521175 6.615997 66.675003
VERTEX -37.521175 6.615997 95.250000
VERTEX -32.995567 19.049999 95.250000
VERTEX -13.030968 35.802288 74.612503
VERTEX -13.030967 35.802288 66.675003
VERTEX -24.490208 29.186293 66.675003
VERTEX -24.490200 29.186296 74.612503
VERTEX -12.477876 35.899815 74.612503
VERTEX -12.477876 35.899815 66.675003
VERTEX -24.851212 28.756060 74.612503
VERTEX -32.995567 19.049999 74.612503
VERTEX -24.851212 28.756060 95.250000
VERTEX -12.477876 35.899815 95.250000
VERTEX 0.000000 12.699998 74.612503
VERTEX 0.000000 12.699998 66.674995
VERTEX -10.998522 6.349999 66.674995
VERTEX -10.998522 6.349999 74.612503
VERTEX -10.998522 -6.349999 74.612503
VERTEX -10.998522 -6.349999 66.674995
VERTEX 0.000000 -12.699998 66.674995
VERTEX 0.000000 -12.699998 74.612503
VERTEX 10.998521 -6.350000 74.612503
VERTEX 10.998521 -6.350000 66.674995
VERTEX 10.998522 6.349999 66.674995
VERTEX 10.998522 6.349999 74.612503
VERTEX 9.623705 7.143750 74.612503
VERTEX -10.998521 -4.762498 74.612503
VERTEX 9.623705 -7.143750 74.612503
VERTEX 9.623705 7.143751 95.250000
VERTEX 1.374816 11.906248 74.612503
VERTEX 1.374816 11.906248 95.250000
VERTEX -10.998522 4.762500 74.612503
VERTEX 1.374815 -11.906249 74.612503
VERTEX -10.998522 4.762500 95.250000
VERTEX -10.998521 -4.762497 95.250000
VERTEX 1.374816 -11.906249 95.250000
VERTEX 9.623705 -7.143750 95.250000
VERTEX -36.815311 -8.555334 66.675003
VERTEX -10.998521 -36.160660 66.675003
VERTEX -8.936298 -7.540623 66.675003
VERTEX -8.936300 -36.524288 66.675003
VERTEX -8.936299 -17.859373 66.675003
VERTEX 10.998521 7.143751 74.612503
VERTEX 10.998520 -7.143750 74.612503
VERTEX 10.998523 19.049999 66.675003
VERTEX 25.816790 27.605331 66.675003
VERTEX 0.687408 13.096872 74.612503
VERTEX -11.685930 -5.953124 74.612503
VERTEX 10.998518 -36.160664 66.675003
VERTEX -10.998522 33.337494 74.612503
VERTEX -23.371862 -26.193750 74.612503
POLYGON 4
8
9
10
11
POLYGON 4
12
13
14
15
POLYGON 4
16
17
18
19
POLYGON 4
9
8
16
20
POLYGON 4
21
13
11
10
POLYGON 4
22
23
24
25
POLYGON 4
26
27
28
29
POLYGON 4
27
30
31
28
POLYGON 4
30
20
19
31
POLYGON 4
32
33
34
35
POLYGON 4
36
37
33
32
POLYGON 4
38
39
29
40
POLYGON 4
35
34
26
39
POLYGON 4
23
37
41
24
POLYGON 4
42
43
44
45
POLYGON 4
21
46
47
14
POLYGON 4
46
42
45
47
POLYGON 4
48
49
50
51
POLYGON 4
49
22
25
50
POLYGON 4
52
53
54
55
POLYGON 4
56
57
53
52
POLYGON 4
58
59
51
60
POLYGON 4
55
54
48
59
POLYGON 4
43
57
61
44
POLYGON 4
62
65
64
63
POLYGON 4
66
69
68
67
POLYGON 4
70
73
72
71
POLYGON 4
77
79
78
74
POLYGON 4
82
83
75
80
POLYGON 4
84
85
76
81
POLYGON 4
79
61
56
78
POLYGON 8
77
15
14
47
45
44
61
79
POLYGON 4
77
74
12
15
POLYGON 4
67
88
89
87
POLYGON 3
90
88
68
POLYGON 4
85
18
17
76
POLYGON 3
91
74
73
POLYGON 3
70
76
92
POLYGON 3
72
63
93
POLYGON 3
62
78
95
POLYGON 4
82
80
58
60
POLYGON 8
24
41
83
82
60
51
50
25
POLYGON 4
83
41
36
75
POLYGON 3
66
75
96
POLYGON 4
84
81
38
40
POLYGON 8
28
31
19
18
85
84
40
29
POLYGON 4
62
63
72
73
POLYGON 4
64
65
66
67
POLYGON 4
68
69
70
71
POLYGON 6
86
64
87
34
33
23
POLYGON 10
86
22
49
48
54
53
43
42
46
94
POLYGON 5
71
97
26
89
90
POLYGON 6
98
56
52
55
58
80
POLYGON 3
98
65
95
POLYGON 6
99
36
32
35
38
81
POLYGON 3
99
69
96
POLYGON 6
92
17
8
11
12
91
POLYGON 9
93
94
21
10
9
20
30
27
97
PART_DATA_NULL
PART_NULL
#
PART
PART_NAME finger_par
PART_PARENT tool_grip_base
PART_TRANSLATE 12.700000 0.000000 76.199999
PART_ROTATE 0.000000 0.000000 0.000000
PART_TXYZ 0
RENDER_MODE 1
MATERIAL_AMBIENT 0.388235 0.388235 0.388235 1.000000
MATERIAL_DIFFUSE 0.584314 0.584314 0.584314 1.000000
MATERIAL_SPECULAR 0.486275 0.486275 0.486275 1.000000
MATERIAL_EMISSION 0.098039 0.098039 0.098039 1.000000
MATERIAL_WIREFRAME 0.686275 0.686275 0.686275 1.000000
MATERIAL_SHININESS 25.000000
PART_DATA
VERTEX 0.000000 -4.762500 4.762500
VERTEX 19.049999 -4.762500 4.762500
VERTEX 19.049999 4.762500 4.762500
VERTEX 0.000000 4.762500 4.762500
VERTEX 0.000000 -4.762500 12.700000
VERTEX 0.000000 4.762500 12.700000
VERTEX 19.049999 4.762500 12.700000
VERTEX 19.049999 -4.762500 12.700000
VERTEX 19.049999 -7.937500 4.762500
VERTEX 19.049999 7.937500 4.762500
VERTEX 0.000000 7.937500 4.762500
VERTEX 0.000000 -7.937500 4.762500
VERTEX 0.000000 7.937500 0.000000
VERTEX 19.049999 7.937500 0.000000
VERTEX 19.049999 -7.937500 0.000000
VERTEX 0.000000 -7.937500 0.000000
POLYGON 4
0
3
2
1
POLYGON 4
4
7
6
5
POLYGON 4
3
0
4
5
POLYGON 4
2
3
5
6
POLYGON 4
1
2
6
7
POLYGON 4
0
1
7
4
POLYGON 4
15
14
8
11
POLYGON 4
14
13
9
8
POLYGON 4
13
12
10
9
POLYGON 4
12
15
11
10
POLYGON 4
11
8
9
10
POLYGON 4
15
12
13
14
PART_DATA_NULL
PART_NULL
#
PART
PART_NAME finger_par1
PART_PARENT finger_par
PART_TRANSLATE 0.000000 0.000000 0.000000
PART_ROTATE 0.000000 0.000000 0.000000
PART_TXYZ 0
RENDER_MODE 1
MATERIAL_AMBIENT 0.666667 0.666667 0.666667 1.000000
MATERIAL_DIFFUSE 0.666667 0.666667 0.666667 1.000000
MATERIAL_SPECULAR 0.486275 0.486275 0.486275 1.000000
MATERIAL_EMISSION 0.098039 0.098039 0.098039 1.000000
MATERIAL_WIREFRAME 0.686275 0.686275 0.686275 1.000000
MATERIAL_SHININESS 25.000000
PART_DATA
VERTEX 46.037498 -6.350000 20.637499
VERTEX 33.337498 -6.350000 20.637499
VERTEX 33.337498 6.350000 20.637499
VERTEX 46.037498 6.350000 20.637499
VERTEX 39.829983 -6.350000 84.137497
VERTEX 46.037498 -6.350000 84.137497
VERTEX 46.037498 6.350000 84.137497
VERTEX 39.829983 6.350000 84.137497
VERTEX 33.337498 6.350000 79.591408
VERTEX 33.337498 -6.350000 79.591408
VERTEX -3.175000 -6.350000 12.699999
VERTEX 46.037502 -6.350000 12.699999
VERTEX 46.037502 6.350000 12.699999
VERTEX -3.175000 6.350000 12.699999
VERTEX -3.175000 -6.350000 20.637499
VERTEX -3.175000 6.350000 20.637499
VERTEX 46.037502 6.350000 20.637499
VERTEX 46.037502 -6.350000 20.637499
POLYGON 4
0
1
2
3
POLYGON 4
4
5
6
7
POLYGON 5
3
2
8
7
6
POLYGON 5
9
1
0
5
4
POLYGON 4
8
2
1
9
POLYGON 4
8
9
4
7
POLYGON 4
0
3
6
5
POLYGON 4
10
13
12
11
POLYGON 4
14
17
16
15
POLYGON 4
13
10
14
15
POLYGON 4
12
13
15
16
POLYGON 4
11
12
16
17
POLYGON 4
10
11
17
14
PART_DATA_NULL
PART_NULL
#
PART
PART_NAME finger_parx
PART_PARENT tool_grip_base
PART_TRANSLATE -6.350000 10.998200 76.199999
PART_ROTATE 0.000000 0.000000 120.000000
PART_TXYZ 0
RENDER_MODE 1
MATERIAL_AMBIENT 0.388235 0.388235 0.388235 1.000000
MATERIAL_DIFFUSE 0.584314 0.584314 0.584314 1.000000
MATERIAL_SPECULAR 0.486275 0.486275 0.486275 1.000000
MATERIAL_EMISSION 0.098039 0.098039 0.098039 1.000000
MATERIAL_WIREFRAME 0.686275 0.686275 0.686275 1.000000
MATERIAL_SHININESS 25.000000
PART_DATA
VERTEX 0.000000 -4.762500 4.762500
VERTEX 19.049999 -4.762500 4.762500
VERTEX 19.049999 4.762500 4.762500
VERTEX 0.000000 4.762500 4.762500
VERTEX 0.000000 -4.762500 12.700000
VERTEX 0.000000 4.762500 12.700000
VERTEX 19.049999 4.762500 12.700000
VERTEX 19.049999 -4.762500 12.700000
VERTEX 19.049999 -7.937500 4.762500
VERTEX 19.049999 7.937500 4.762500
VERTEX 0.000000 7.937500 4.762500
VERTEX 0.000000 -7.937500 4.762500
VERTEX 0.000000 7.937500 0.000000
VERTEX 19.049999 7.937500 0.000000
VERTEX 19.049999 -7.937500 0.000000
VERTEX 0.000000 -7.937500 0.000000
POLYGON 4
0
3
2
1
POLYGON 4
4
7
6
5
POLYGON 4
3
0
4
5
POLYGON 4
2
3
5
6
POLYGON 4
1
2
6
7
POLYGON 4
0
1
7
4
POLYGON 4
15
14
8
11
POLYGON 4
14
13
9
8
POLYGON 4
13
12
10
9
POLYGON 4
12
15
11
10
POLYGON 4
11
8
9
10
POLYGON 4
15
12
13
14
PART_DATA_NULL
PART_NULL
#
PART
PART_NAME finger_par1x
PART_PARENT finger_parx
PART_TRANSLATE 0.000000 0.000000 0.000000
PART_ROTATE 0.000000 0.000000 0.000000
PART_TXYZ 0
RENDER_MODE 1
MATERIAL_AMBIENT 0.666667 0.666667 0.666667 1.000000
MATERIAL_DIFFUSE 0.666667 0.666667 0.666667 1.000000
MATERIAL_SPECULAR 0.486275 0.486275 0.486275 1.000000
MATERIAL_EMISSION 0.098039 0.098039 0.098039 1.000000
MATERIAL_WIREFRAME 0.686275 0.686275 0.686275 1.000000
MATERIAL_SHININESS 25.000000
PART_DATA
VERTEX 46.037498 -6.350000 20.637499
VERTEX 33.337498 -6.350000 20.637499
VERTEX 33.337498 6.350000 20.637499
VERTEX 46.037498 6.350000 20.637499
VERTEX 39.829983 -6.350000 84.137497
VERTEX 46.037498 -6.350000 84.137497
VERTEX 46.037498 6.350000 84.137497
VERTEX 39.829983 6.350000 84.137497
VERTEX 33.337498 6.350000 79.591408
VERTEX 33.337498 -6.350000 79.591408
VERTEX -3.175000 -6.350000 12.699999
VERTEX 46.037502 -6.350000 12.699999
VERTEX 46.037502 6.350000 12.699999
VERTEX -3.175000 6.350000 12.699999
VERTEX -3.175000 -6.350000 20.637499
VERTEX -3.175000 6.350000 20.637499
VERTEX 46.037502 6.350000 20.637499
VERTEX 46.037502 -6.350000 20.637499
POLYGON 4
0
1
2
3
POLYGON 4
4
5
6
7
POLYGON 5
3
2
8
7
6
POLYGON 5
9
1
0
5
4
POLYGON 4
8
2
1
9
POLYGON 4
8
9
4
7
POLYGON 4
0
3
6
5
POLYGON 4
10
13
12
11
POLYGON 4
14
17
16
15
POLYGON 4
13
10
14
15
POLYGON 4
12
13
15
16
POLYGON 4
11
12
16
17
POLYGON 4
10
11
17
14
PART_DATA_NULL
PART_NULL
#
PART
PART_NAME finger_parxx
PART_PARENT tool_grip_base
PART_TRANSLATE -6.350000 -10.998200 76.199999
PART_ROTATE 0.000000 0.000000 -120.000000
PART_TXYZ 0
RENDER_MODE 1
MATERIAL_AMBIENT 0.388235 0.388235 0.388235 1.000000
MATERIAL_DIFFUSE 0.584314 0.584314 0.584314 1.000000
MATERIAL_SPECULAR 0.486275 0.486275 0.486275 1.000000
MATERIAL_EMISSION 0.098039 0.098039 0.098039 1.000000
MATERIAL_WIREFRAME 0.686275 0.686275 0.686275 1.000000
MATERIAL_SHININESS 25.000000
PART_DATA
VERTEX 0.000000 -4.762500 4.762500
VERTEX 19.049999 -4.762500 4.762500
VERTEX 19.049999 4.762500 4.762500
VERTEX 0.000000 4.762500 4.762500
VERTEX 0.000000 -4.762500 12.700000
VERTEX 0.000000 4.762500 12.700000
VERTEX 19.049999 4.762500 12.700000
VERTEX 19.049999 -4.762500 12.700000
VERTEX 19.049999 -7.937500 4.762500
VERTEX 19.049999 7.937500 4.762500
VERTEX 0.000000 7.937500 4.762500
VERTEX 0.000000 -7.937500 4.762500
VERTEX 0.000000 7.937500 0.000000
VERTEX 19.049999 7.937500 0.000000
VERTEX 19.049999 -7.937500 0.000000
VERTEX 0.000000 -7.937500 0.000000
POLYGON 4
0
3
2
1
POLYGON 4
4
7
6
5
POLYGON 4
3
0
4
5
POLYGON 4
2
3
5
6
POLYGON 4
1
2
6
7
POLYGON 4
0
1
7
4
POLYGON 4
15
14
8
11
POLYGON 4
14
13
9
8
POLYGON 4
13
12
10
9
POLYGON 4
12
15
11
10
POLYGON 4
11
8
9
10
POLYGON 4
15
12
13
14
PART_DATA_NULL
PART_NULL
#
PART
PART_NAME finger_par1xx
PART_PARENT finger_parxx
PART_TRANSLATE 0.000000 0.000000 0.000000
PART_ROTATE 0.000000 0.000000 0.000000
PART_TXYZ 0
RENDER_MODE 1
MATERIAL_AMBIENT 0.666667 0.666667 0.666667 1.000000
MATERIAL_DIFFUSE 0.666667 0.666667 0.666667 1.000000
MATERIAL_SPECULAR 0.486275 0.486275 0.486275 1.000000
MATERIAL_EMISSION 0.098039 0.098039 0.098039 1.000000
MATERIAL_WIREFRAME 0.686275 0.686275 0.686275 1.000000
MATERIAL_SHININESS 25.000000
PART_DATA
VERTEX 46.037498 -6.350000 20.637499
VERTEX 33.337498 -6.350000 20.637499
VERTEX 33.337498 6.350000 20.637499
VERTEX 46.037498 6.350000 20.637499
VERTEX 39.829983 -6.350000 84.137497
VERTEX 46.037498 -6.350000 84.137497
VERTEX 46.037498 6.350000 84.137497
VERTEX 39.829983 6.350000 84.137497
VERTEX 33.337498 6.350000 79.591408
VERTEX 33.337498 -6.350000 79.591408
VERTEX -3.175000 -6.350000 12.699999
VERTEX 46.037502 -6.350000 12.699999
VERTEX 46.037502 6.350000 12.699999
VERTEX -3.175000 6.350000 12.699999
VERTEX -3.175000 -6.350000 20.637499
VERTEX -3.175000 6.350000 20.637499
VERTEX 46.037502 6.350000 20.637499
VERTEX 46.037502 -6.350000 20.637499
POLYGON 4
0
1
2
3
POLYGON 4
4
5
6
7
POLYGON 5
3
2
8
7
6
POLYGON 5
9
1
0
5
4
POLYGON 4
8
2
1
9
POLYGON 4
8
9
4
7
POLYGON 4
0
3
6
5
POLYGON 4
10
13
12
11
POLYGON 4
14
17
16
15
POLYGON 4
13
10
14
15
POLYGON 4
12
13
15
16
POLYGON 4
11
12
16
17
POLYGON 4
10
11
17
14
PART_DATA_NULL
PART_NULL
#
NULL
